-9.39709018502348 -4.02006997519023 -0.367743756995387
-9.63436167096923 -2.91712717616269 -0.548192195160239
-9.3058752233337 -1.89996897728825 -0.951334290082482
-8.49441187943549 -1.30644798247974 -1.49177475553498
-7.46506379050181 -1.26301120600371 -1.97945615596588
-6.43085501887596 -1.61783152427526 -2.29113083992652
-5.4189188928066 -2.1161350098689 -2.42021632865887
-4.34973064467813 -2.50569302515616 -2.42740308908244
-3.2076259699347 -2.51713171245757 -2.42358330623399
-2.21770773473434 -1.95538943279284 -2.54269873309345
-1.75917601457754 -0.943747230414982 -2.82636616346449
-1.98063173606152 0.127566094926926 -3.17416215577132
-2.68551898624737 0.988868060535212 -3.45609983911301
-3.60629270012173 1.65448449008578 -3.61379989456422
-4.58417806754123 2.25154609358306 -3.64282485229114
-5.53240841097062 2.88745059481805 -3.55067892090177
-6.36851912469099 3.64284340167068 -3.34682046151276
-6.9657714221571 4.57617491524438 -3.05415741178504
-7.1338529910861 5.66733804614145 -2.73919920208629
-6.70800170589458 6.71434867859932 -2.53354957469755
-5.76310428143967 7.36706601402024 -2.56273167025563
-4.63734449745395 7.42547631196535 -2.80280314895053
-3.58944642603206 7.01541458091031 -3.08300294598286
-2.62203956197033 6.3772169584037 -3.22849901058878
-1.67341581183458 5.68640423451342 -3.11908540777132
-0.75351033757552 5.06775247068501 -2.68632336993825
0.0604304992961899 4.62285167614749 -1.921997732714
0.661298101353185 4.42761158125378 -0.883321942520652
0.947776525183718 4.51902848786467 0.313358417806605
0.856819851804878 4.90168692248108 1.50706472915174
0.386361235911778 5.56297658917045 2.50110030389385
-0.384895332793977 6.45430537790648 3.07733238735247
-1.27245961213029 7.45393084728819 3.05710082768729
-1.98195603968453 8.39072445631968 2.42037025443219
-2.20284643564459 9.13387456276655 1.3635933580011
-1.77469531892735 9.58664432340649 0.236497375542081
-0.781341267603716 9.71380732616947 -0.563241330772397
0.491369797454864 9.63036242791077 -0.784631648894245
1.74284431291584 9.5161329744342 -0.489973965962384
2.80745266995067 9.39284129515952 0.140794712370698
3.72494981611813 9.28299817033833 0.904045525626742
4.66875746630255 9.29695383808147 1.59106808541643
5.69270955552834 9.59333016966562 2.03231006537726
6.62093716113714 10.26227195377 2.14504848380586
7.2018555996992 11.2374806985789 1.97163462586109
7.2905135561999 12.3206279981858 1.60329745982289
6.91056934751713 13.2613154702594 1.0669635733992
6.23934726429812 13.806819875289 0.312434470844752
5.59648445783328 13.7514005368559 -0.634870914179744
5.31633526734555 13.1059599348906 -1.53764868148156
5.47023763953502 12.1405827485169 -2.13281233481083
5.8367963294283 11.0900611544844 -2.39551238934435
6.10363111789751 9.9809733521972 -2.49404795912903
5.96315256176421 8.8491605937756 -2.63604469957927
5.26157506158484 7.99375596873125 -2.95643163855384
4.21555063098859 7.79121416984481 -3.40466228273012
3.22737540910126 8.27076390010525 -3.79100010390896
2.47753018069785 9.15573606992167 -3.96716866000352
1.91329250353108 10.1904903712529 -3.86784617050356
1.45025135073339 11.2100060296628 -3.4583673568073
1.05195439584975 12.0777183526276 -2.73275082638361
0.723657319955576 12.663113675404 -1.73475289741505
0.491457629374046 12.8517294767432 -0.568751679218491
0.382715170052571 12.5682976170248 0.596932324162407
0.401127031679739 11.8146383132651 1.54060080895491
0.49645671470941 10.7069874250456 2.03779133024954
0.54750978369087 9.46495878067496 1.95639290861763
0.360290829783797 8.3199310416049 1.36585256818505
-0.272657273906679 7.39212644991111 0.672909111755682
-1.22675834063167 6.58771850103711 0.420522163003373
-2.12340061263634 5.82215864783903 0.733609798262434
-2.79337277663645 5.25306376877669 1.51488955016176
-3.31651950556997 5.02560858298641 2.52631414830961
-3.96919625049036 5.19133056781442 3.44985637625296
-4.87833885226889 5.65882313757399 3.9400913548621
-5.90204937381597 6.13999388025175 3.85772598462455
-6.90605247551739 6.35505507267658 3.37519582101459
-7.82811177132963 6.14173798473503 2.74671402808966
-8.53049099305166 5.4609106150356 2.16322275608919
-8.80254248804293 4.44058098763665 1.73228180055184
-8.5130284329792 3.36906132264452 1.475347054595
-7.73885147367048 2.54901499854584 1.33405092752468
-6.70716332189708 2.09530216860964 1.21019844439709
-5.60312331490696 1.90774717389784 1.04611110468433
-4.48574667504047 1.81631322150383 0.879806534343889
-3.35537689861617 1.68607416251069 0.835552111551992
-2.27331086996738 1.4120873209105 1.08364435279421
-1.48076558352613 0.921375863332559 1.74429567530726
-1.32168959047659 0.281234662569936 2.67288839345843
-1.85594653738433 -0.33345796770233 3.46806473216889
-2.77736104032542 -0.876764579753976 3.84628716830052
-3.72310761715868 -1.4898158204493 3.78211353528562
-4.41364915257767 -2.28101041079596 3.38260603919214
-4.73440558477055 -3.1832557457296 2.80259907096732
-4.85125481149632 -4.07694284438407 2.13874388560064
-5.09983984667081 -4.88780820339601 1.4009899484145
-5.71147179701923 -5.4875904917819 0.662165015145728
-6.66280423071226 -5.71794050787703 0.085602386480099
-7.73952677505783 -5.51866206114233 -0.224677415215149
-8.71004895938087 -4.92973027096159 -0.320620862812781
