-9.71902981373153 -4.41176442850943 -0.436388217612263
-9.89616007426988 -3.3702839039905 -0.86062866813705
-9.52839236350652 -2.43687733106691 -1.39909939045628
-8.70464511311851 -1.88417811069457 -1.95524188214456
-7.660511771481 -1.80925496526707 -2.39257391836553
-6.593680394535 -2.0828437010481 -2.6492672926095
-5.53871178546282 -2.46803267509905 -2.76469164393757
-4.43688143345348 -2.71539530904634 -2.8326734140412
-3.31492713595014 -2.59058578093325 -2.9577344540485
-2.39155597831643 -1.97109604981994 -3.20672783850106
-1.95840033449145 -0.975470719678162 -3.55789962809062
-2.13395690309574 0.0940867427593984 -3.91360099316857
-2.78669123390698 0.989551041561375 -4.17675181246767
-3.69117655877061 1.66556753952924 -4.30518571087955
-4.67897913813997 2.2241428250857 -4.30166616576418
-5.64232690236593 2.81292624412786 -4.18358317312899
-6.46407708109396 3.57138402661969 -3.97474603634426
-6.96343177763257 4.56499260790663 -3.71927203589141
-6.93756840159071 5.68589628041163 -3.49266731567132
-6.32095911499159 6.64382032419963 -3.37275986279405
-5.29261491599533 7.151870024024 -3.3748025742665
-4.14402532869918 7.14200381994436 -3.42519913662863
-3.056297731263 6.75471603854872 -3.40808305498325
-2.06531235021603 6.1761300518467 -3.22239854388747
-1.16713862956937 5.55019225059105 -2.80406424198337
-0.381818581892914 4.98256102360549 -2.12721756524468
0.242483921537993 4.55951635691173 -1.20355063453839
0.644467155579028 4.35326555558788 -0.0868034193789825
0.770396136037642 4.41707169211299 1.12460821959834
0.595806201431077 4.78311736432438 2.29236342326189
0.144122346326913 5.45770373645215 3.24633445196943
-0.502790388503747 6.39480799541158 3.80646563276571
-1.2071191115581 7.46876991741281 3.8333567869484
-1.78717860616989 8.49196441418742 3.29419618118709
-2.03832874643866 9.28477118087279 2.30737174723208
-1.80175371846417 9.73697342413668 1.13219370403168
-1.05888053500674 9.83530824374454 0.0995397273222059
0.0472606123741381 9.68633085787597 -0.519528896955097
1.29307415548215 9.47108137027017 -0.642287806794827
2.4913493396951 9.30957013954837 -0.352939639123561
3.55785210247055 9.24754762899578 0.214671621637643
4.50768359421318 9.34313845010434 0.91249043263801
5.38556352362441 9.68533816822175 1.5962562025957
6.17575549795834 10.3497401150814 2.11280559027907
6.7796939132534 11.3096820846764 2.30313282129505
7.09255050250187 12.3868623028463 2.0588200230655
7.10300735900722 13.3088784288696 1.37699588075938
6.91997841389677 13.8222967690195 0.369594715497838
6.7143821613727 13.7885371171084 -0.754692655819048
6.62041519488965 13.2427408514295 -1.75217823876724
6.65467427940848 12.3604661305815 -2.47043592160007
6.70748119304334 11.3232503079341 -2.93200664502845
6.59064124010002 10.2463802347016 -3.28014585676623
6.11795479555738 9.27630396319949 -3.6511995572013
5.24606677199324 8.66711121970985 -4.07306450094841
4.16309169205152 8.62832201962789 -4.44948328471288
3.14730404375593 9.131326304154 -4.64769988540508
2.34928724416824 9.96354777952494 -4.58948031503513
1.76769417806672 10.9078457152654 -4.25328418483733
1.35217108730485 11.8075358646271 -3.64244150778223
1.06643666975888 12.543738258937 -2.77948618713453
0.895642962867579 13.0152787326425 -1.71658166526993
0.833336258201452 13.1389271498818 -0.543963506475506
0.865547722387731 12.862063699171 0.609516861442999
0.957472278565569 12.1812759223483 1.58606566771437
1.04539258296934 11.162269820556 2.22211503457478
1.03468158455758 9.95248336129441 2.39173745649137
0.798580869844801 8.76445198998893 2.0804644053707
0.193890862740573 7.79590760491876 1.49290559341904
-0.778226828225994 7.07604076319958 1.04929421158593
-1.86903162166511 6.47606170287752 1.02145773921708
-2.8821419627661 5.99660453169999 1.42558698006884
-3.74372258145879 5.74430672492329 2.16218401427927
-4.50956946663177 5.76545471445014 3.0130918077002
-5.3630660409295 6.00530531330508 3.72114148480922
-6.41023644709191 6.28279994409388 4.05180459670864
-7.53470624529557 6.34598227135138 3.90490496298491
-8.49270244767851 6.01987180134842 3.38296362619425
-9.06587543186773 5.30318710352265 2.70704278667993
-9.14538259548921 4.35247872928333 2.08464008762002
-8.7508551586778 3.38895500395083 1.6276314141827
-7.99647669912193 2.59094565981555 1.34282687065686
-7.0262369535888 2.03126036430487 1.17673509653677
-5.95452810973313 1.68399965422979 1.07931165931926
-4.84510846413888 1.47113602660709 1.05285298419898
-3.73396404732525 1.29516098750643 1.16478956889307
-2.68744269575885 1.05089282450081 1.52159787894367
-1.86608627009504 0.643211759362008 2.1889711962113
-1.50003982030876 0.0273805909674231 3.06777900064375
-1.7058218399161 -0.746536382027696 3.86968009015918
-2.34171705235352 -1.57147766396091 4.3133382066494
-3.127143430648 -2.3824782360395 4.30756092982626
-3.8377516243036 -3.16974851146132 3.93172171397206
-4.39646802837159 -3.93549700788728 3.33129062280416
-4.87487583719714 -4.670142235282 2.63248727919926
-5.42630125818487 -5.33320198032929 1.91310014429228
-6.17504700840042 -5.83030128584429 1.23357501655699
-7.12615035596457 -6.03562920280716 0.658680568848839
-8.1571182140178 -5.86026669070867 0.223586759231458
-9.08371013216406 -5.29552096891237 -0.108239703048761
