-8.74061227639806 -3.23563951854132 -0.402694040616401
-8.97577571669679 -2.16493571434423 -0.405811326544078
-8.49961266640469 -1.27182831926015 -0.360440061562476
-7.60687333233125 -0.8053873957193 -0.289855215755224
-6.73932747124941 -0.862558847923479 -0.613928077794686
-6.03128053134871 -1.30705972223826 -1.1742448420079
-5.13388938337657 -1.48073951650425 -1.3316740360428
-4.19417801320333 -1.49526322576946 -1.32653211061866
-3.205022035406 -1.82914094436281 -0.98057871262528
-2.4629321335874 -1.32660841135218 -0.426202424880102
-2.17874852938497 -0.390798403882448 -0.763805983950868
-2.69684931075279 0.349372249466362 -1.21932050660833
-3.25161750549584 1.02173449165219 -1.34883350917667
-3.98338898752013 1.51841508590567 -1.3364555685551
-4.72678959379973 2.00922607608354 -1.27134601275064
-4.99243587022534 2.88703254846786 -1.3565610541841
-5.36566976736982 3.67504051658135 -1.28831672581904
-5.57900230092899 4.51676740983796 -1.27826005922706
-5.51545283395224 5.39705571289175 -1.25708823415156
-5.34922099034552 6.26350983854675 -1.04190811368612
-4.83825767178908 6.86234150827873 -0.571910101350026
-4.02939323763667 7.15546962993578 -0.169724072227363
-3.201003427484 7.21040714791476 -0.540253812737509
-2.77266865260337 6.55983252069848 -1.26149978309077
-2.63109166694609 5.58451678291335 -1.31101564230731
-1.86217864560244 5.10475929799768 -1.21788329465001
-1.09185005926581 4.90585406211812 -1.06878232977214
-0.28217596641732 4.63867136414129 -0.616214617310763
0.420874069900207 4.95294714318591 -0.420843690144922
1.18931001979587 5.55766647602627 -0.474574632952334
1.17470160760386 6.31208379978064 0.105087862688552
0.194848500011107 6.75442897935933 0.44792717535343
-0.975378726209912 8.1376899270081 -0.0588493800475649
-1.82174021822999 8.55492439274243 -0.621159365711299
-1.64523357771154 9.40933331863843 -0.863816085016242
-0.925182383890767 9.89905869846988 -1.24182036434459
0.141310307855465 9.80607721728304 -1.20289247889676
0.61949805887944 9.54183256985077 -0.664680092067419
1.32602440594398 9.44358566270709 0.185134443577898
2.10912642760058 9.17684201647727 0.50578075642477
2.69715615574326 8.81759051341141 0.380551908102263
3.57277969577885 8.40152917119402 0.366011657255457
4.12626646200915 8.7422877292 0.258617794064079
4.96865576852882 9.70858627324281 0.277517375572444
5.65795637488592 10.257141918141 -0.16898106596975
5.66927160726917 11.2011550064485 -0.454118001599607
5.07129548827183 12.0180631230906 -0.427483529533348
4.26650538381218 12.3725709912614 -0.389901908370086
3.14842466814331 12.613576329275 -0.352404713935506
2.64565784613108 12.1314378161509 -0.126594830329531
3.07579266698586 11.0018215420119 -0.0332275652316431
3.56292330294734 10.4247170603547 -1.00460473483689
3.89987005547742 9.7388626080794 -1.27739687853718
5.02590461017344 8.5516705536442 -1.03106177189448
5.32297148006997 7.5756337757753 -0.560446301482338
4.47069339153491 6.7425508449563 -0.429796832071106
3.42034541388793 6.51348303016013 -0.572211423405823
2.61395912063105 7.1575104993596 -1.00624243900213
2.26480939750663 8.48110927744976 -1.41365286606524
1.90850071769183 10.2665153354954 -1.15528789890157
1.19500284494425 11.4479294781009 -0.886333169747286
0.451734860398535 11.9541260374248 -0.501728552023874
-0.495814517157343 11.6638597122771 -0.0116930314284622
-0.553604521015899 10.757914098938 0.821754713318709
-0.443818274340793 9.73399580034315 1.30506250394351
0.0477383568975325 8.79202795190298 1.38558744252666
0.613865055291061 8.129261286158 0.671411367908114
0.535451278774029 7.74889928491257 -1.06955036078197
-0.235481798879408 7.28303713698038 -1.25581018803253
-1.31149125196668 6.76082783963212 0.231244637495304
-1.89126200165951 6.72491133768116 1.26293831983973
-1.78823701661396 5.748416371637 1.34140358158441
-1.60853174601739 4.5891066207936 1.17547695056692
-2.22461030415332 4.2517770262731 1.16150244918305
-3.36899849579194 4.88696102866779 1.16750624837973
-4.16782853638319 5.26950472544963 1.24016618187816
-5.14439831269413 5.57303924562694 1.26606637778206
-6.27802269306857 5.58371005292982 1.12030341364168
-7.18268364993459 4.9701825796678 0.78380366728138
-7.44712447442349 3.90735785429816 0.536752223721871
-7.10611820575858 2.90735587537948 0.408294367677207
-6.26345156400905 2.38626690577599 0.582068942377674
-5.47959614740943 2.55627815539436 1.08876650630116
-4.72918710392097 3.15066781261554 1.2973790433222
-3.92101004266753 3.16654316779449 0.87498587751999
-3.19149116351139 2.97882418990736 0.220139191103632
-2.26123217784386 2.60700004258865 0.29314100006366
-1.73492926433217 1.96956117179118 0.632977149803025
-1.96116769491511 1.02335543375624 0.999706826029635
-2.90596264023932 0.5294694094003 1.32961435904227
-4.04391896736754 0.661120561363962 1.24472044111667
-5.22848752965051 0.463525263059566 1.00685198106005
-5.53959713470479 -0.409574790119565 1.18018940646237
-4.81322331476543 -1.37479349173784 1.26716896563501
-4.27492714577606 -2.34061991649561 1.01274905331844
-4.09867898939403 -3.29923477742152 0.225287104426124
-4.82232235918017 -3.7706719049814 -0.432704906014336
-5.83646616662638 -3.83107894736108 -0.46396295742954
-6.80649942470008 -3.74866575962124 -0.386006652565191
-7.75702295449128 -3.65107382165805 -0.390412477726862
