-8.90330527125157 -3.30355370189909 -0.401843511353518
-9.26572923048597 -2.23514976665482 -0.380631787651617
-8.86134150198033 -1.19261332548941 -0.282859122000519
-7.90222918760815 -0.651419442762699 -0.342977762353416
-6.93134671187984 -0.745202689131123 -0.845817653144229
-6.12436162615649 -1.1754881824798 -1.44765456076548
-5.13624289349918 -1.50708456290131 -1.75992176919557
-4.0699291773263 -1.78829593404179 -1.68123651752635
-3.05242220705956 -2.01880929358456 -1.20989895679949
-2.14473987994463 -1.57358145380418 -0.6722766524325
-1.7551391364897 -0.559432823379259 -0.920183956770783
-2.18596891072028 0.303115206744087 -1.51797625810467
-3.02717043017382 0.908420109537891 -1.81595562779492
-3.99622805340813 1.29676530420286 -1.79109276376023
-4.85874617466166 1.8469066762069 -1.73355773567941
-5.28892955972509 2.75730401855266 -1.78545375931029
-5.57775997914055 3.69297261103226 -1.73031840663138
-5.83388146216019 4.65019247799058 -1.70106505923881
-5.87576978232138 5.66493937536706 -1.66201148476815
-5.75539962412186 6.63648857429336 -1.28440229153858
-5.32367482494959 7.3628098101222 -0.568093321943429
-4.3145473767666 7.63992441179043 -0.220270945801418
-3.46075735287622 7.34599984249718 -0.870164164885801
-3.07968021999956 6.64257811104368 -1.69601730728377
-2.74152868084581 5.59827494957316 -1.92037883049011
-1.98767096459007 4.80440688649176 -1.81543579191766
-1.02182719464552 4.37998680291625 -1.50628918279951
-0.087753018334908 4.15560009242417 -0.971377945272458
0.892884779960157 4.4086747562145 -0.596776892583756
1.48254807423585 5.22118385766324 -0.171928315559543
1.16216597213079 6.03839214202034 0.593217351667742
0.0834262470384052 6.77019730868216 0.884325444242315
-1.10460581061037 8.03503018666106 0.467329649769361
-1.88997105047018 8.84794813791394 -0.270014083383369
-2.09588345074287 9.63844339976131 -1.13317212557157
-1.30867631081626 10.1073341779128 -1.79876488651329
-0.243315598721627 9.92161185005909 -1.65357555710932
0.48533119317309 9.83834225897523 -0.662989721771485
1.34880845029206 9.95894314268827 0.263216771058561
2.1345422558727 9.50219876672646 0.992901453272433
2.79136922303925 8.61790082488933 1.11241365215005
3.76920589746716 8.31256375072387 1.03473050912474
4.72852011285321 8.84963757976475 0.919493222285187
5.48759280504592 9.630726693037 0.735230330120521
6.1020380326731 10.406856505063 0.152218669218862
6.10697454092999 11.4240184046114 -0.376181872180929
5.49659073855546 12.3935577213307 -0.504643319008667
4.55517683565082 13.0617768475921 -0.490465281919368
3.40853550527267 13.1613181235831 -0.264464575172384
2.85582083232704 12.2911199647785 0.163600170618777
3.26512424003576 11.2187955721227 -0.168557262470606
3.83909664717879 10.5241089648657 -1.08920805230462
4.47277859929745 9.58263978357134 -1.66895246301825
5.14516921453177 8.5041930887653 -1.58248261920627
5.4175331712957 7.40021678119355 -1.02668897156083
4.71644217812082 6.50342157600401 -0.671173686661969
3.57496421568786 6.52784802079368 -0.981747458214376
2.80490414405952 7.43881065412904 -1.55330409315078
2.3176235131872 8.72580103294419 -1.91275580117628
1.90837440345095 10.1886595283795 -1.98009226350364
1.23804659351563 11.4964570028665 -1.50582670511577
0.335494758043067 12.1549224063523 -0.650022921693169
-0.48291090893174 11.955678587981 0.307407455327112
-0.774594829872549 11.1375035588308 1.2041101307633
-0.574745915823223 10.074410093806 1.82190514499446
0.0316707047138856 8.99304529148528 1.80313674241467
0.587324378078399 8.30993055454851 0.689241952951765
0.422154734497302 7.6865137105126 -0.722594666548887
-0.497700088136719 6.95845348677748 -1.14433021151861
-1.4079189803407 6.44099502943854 -0.18940816602438
-1.83156363700258 6.51190403831763 1.15442600045939
-1.46052660814357 5.88859022037039 1.99031436108714
-1.42849340977519 4.72233051939297 1.86956547008214
-2.411471722156 4.36686636913046 1.74558162457782
-3.45257545722019 4.94509636659534 1.62768834289844
-4.38710627280474 5.48048868416506 1.65817011410827
-5.45729380364339 5.74005322602848 1.65290346273985
-6.55201936890484 5.64795727871819 1.39143488159689
-7.43166855662661 5.05604250327395 0.965494093607731
-7.83555079212191 4.0523204122248 0.590244889120711
-7.58139210688231 2.94915797283476 0.450862315666426
-6.74385785490648 2.32845318394469 0.817325158162943
-5.85071184498999 2.51889019197504 1.47606221634798
-4.84808613335616 2.89226704512665 1.59034383826626
-3.95723590246704 2.93386569709427 0.904683552617324
-3.06478255593609 2.85176921913149 0.20791462235401
-1.98627264947093 2.46930350075413 0.169756453001909
-1.36654078128235 1.72857637409173 0.77652835320527
-1.75567298722546 0.868642182929577 1.42355872533421
-2.79602052484953 0.469840116527525 1.69146832686887
-3.91263527528568 0.495331206784658 1.58207561214738
-5.01082804159402 0.231086273990703 1.41420439916151
-5.48337777951657 -0.723926891742321 1.54161999204385
-4.95616048185977 -1.7397742380101 1.57843584476029
-4.30759188814127 -2.60599388832475 1.27158946671726
-4.146936977505 -3.50244791762016 0.565247119345496
-4.7365908526751 -4.08056356997831 -0.237742479588071
-5.80922550798585 -4.20388577851792 -0.528078363628357
-6.89402305723307 -4.10024268918487 -0.433563184685164
-7.96725295711779 -3.91043840478753 -0.386095861799605
