-9.13419185126471 -3.67174212468673 -0.315913727625405
-9.46436316516007 -2.57121405673556 -0.312069439497987
-9.14995985301552 -1.49811496591338 -0.568991089805783
-8.30545817561192 -0.892783637385716 -1.05419261312477
-7.28012939071408 -0.893434346793121 -1.56997443390856
-6.2768676203592 -1.2906309705314 -1.95944207676386
-5.27769154896711 -1.82268119237717 -2.15262642437309
-4.22145388556233 -2.28056952413807 -2.12230703617692
-3.08938518345518 -2.41624664132471 -1.93541694352796
-2.04642430634051 -1.93973222397181 -1.82471152103031
-1.55198917630517 -0.918538915717656 -2.01091280168573
-1.84947785653192 0.128380414738387 -2.40069602660155
-2.66349608437151 0.881345928056701 -2.74041087163399
-3.64824499114599 1.46198568366296 -2.92351770278792
-4.62658371968827 2.07530151076057 -2.96684143291508
-5.49505838275855 2.83082819020443 -2.91135364271403
-6.19086787556368 3.73684006271001 -2.78154805486914
-6.69639037112099 4.74541350394875 -2.56319374448685
-6.95164990536335 5.81549358368093 -2.2230567119591
-6.74731231580361 6.87362692258778 -1.80658607799387
-5.91003365656221 7.62480712274669 -1.56726523580976
-4.78169565046299 7.69332184393312 -1.76721915375593
-3.86217604794409 7.16657636886023 -2.25733482573132
-3.10813485793439 6.38950104337123 -2.71696447271691
-2.28985358153125 5.55788671335813 -2.94872358391144
-1.3417806525134 4.82553946548609 -2.82826040582103
-0.3558718596192 4.33585292649418 -2.30713042653764
0.492480987603952 4.19469279812183 -1.42420892750436
1.01128160258052 4.43530632712143 -0.309579108026992
1.05962670036816 5.00312830541109 0.837812068069874
0.588966291635819 5.79629344395915 1.78459580262709
-0.328931709914569 6.69937799520978 2.27339538041872
-1.41169328579048 7.5925934861434 2.09389112111423
-2.16555361196821 8.43716768113117 1.32643218363033
-2.29808973688453 9.19033774397818 0.277818443911324
-1.71130054447594 9.71619890908164 -0.690677548484857
-0.565226727858601 9.9011124762294 -1.09275009301085
0.705967017154074 9.8944604820362 -0.80137453868214
1.85006920470256 9.84290650998604 -0.157831711918955
2.70932833974456 9.6032836501508 0.697347798534225
3.49742201816602 9.24439299229122 1.49436824803486
4.53157457444806 9.04692678621364 1.95448514337629
5.65373411000531 9.29615792077275 1.94712792593947
6.51171411080867 9.98684262204113 1.59952061451186
6.9730193676824 10.9400113658555 1.1301025216201
7.02460641531419 12.0114617824125 0.688055947751267
6.60823769262729 13.0415729727231 0.349709226856963
5.69846318670443 13.7092311629498 0.0699567605763152
4.62199639286383 13.5971369849505 -0.331181679321586
4.10062342241461 12.7512134082801 -0.89917627752442
4.34771349176115 11.7462154060126 -1.43315514661471
4.93205625130632 10.8105570122021 -1.80213301125648
5.52152788118026 9.82462158466844 -1.97379814259242
5.79719480902945 8.69361685536378 -1.97862688803467
5.39011336837714 7.60490053677662 -2.00074240574818
4.36129021046033 7.1246727378059 -2.24680682634947
3.32410431001015 7.51393167776189 -2.6648083529477
2.62251590325423 8.4313173652052 -3.03511715311394
2.12239330603446 9.55869023483828 -3.20083687954979
1.65514324694583 10.7342361130807 -3.02778391527038
1.15489708200891 11.7661667341952 -2.42484653368428
0.648987973211806 12.4363045392531 -1.44298186141074
0.210137501205736 12.5978254228458 -0.261688429330489
-0.0690080882941166 12.1912658190819 0.881850370852824
-0.102934514914498 11.2632612807291 1.68347102175572
0.0817636453909038 10.0617892407147 1.84025950573509
0.281309984563491 8.91805020311587 1.29676075040416
0.192654365964753 7.94424230169218 0.370010157911255
-0.423970832354142 7.06336204926062 -0.282182919525182
-1.26576964616388 6.17610358858421 -0.141113971943635
-1.85320195749987 5.39464958036177 0.579556106044791
-2.10368568560079 4.91931045983802 1.64178685822438
-2.43160802479975 4.78275090856655 2.75769370852326
-3.26429739703015 4.99662497131261 3.49879764234304
-4.31981036924759 5.42234780738828 3.54568338224053
-5.28719839159455 5.84055448774485 3.12150770863179
-6.25026752237598 6.07204575307331 2.57093910762769
-7.24948395798048 5.95155576330115 2.03730109987488
-8.11522002774488 5.36674404309357 1.56506730712646
-8.55663012916119 4.35553671789028 1.24602188992785
-8.32969172899412 3.23484058566763 1.18643509885945
-7.49190937314814 2.46989901255204 1.30673793925405
-6.38156984969071 2.24487813325529 1.34861202101191
-5.27334100085092 2.34703071584659 1.16380641227453
-4.19281311241735 2.43864129890843 0.848405802828738
-3.0766075521472 2.32566942094893 0.63546203125729
-1.98590343833915 1.96296908683126 0.765514483107065
-1.2665628733697 1.28969512884152 1.35516537669694
-1.36643674550675 0.500234884173952 2.1716342804801
-2.18923858977066 -0.0161599093605662 2.76811345079667
-3.27238133638332 -0.2658687262501 2.97977782739439
-4.31661236243156 -0.678294864199824 2.89946673508272
-4.97983202005594 -1.54129184990964 2.64525113004761
-4.99814860635857 -2.60395557949647 2.30437431851912
-4.69093623301518 -3.56263811950866 1.81251825884069
-4.67231135017735 -4.41138345092166 1.0734014391648
-5.22835308177775 -5.00518227660715 0.27818263231939
-6.21186863070573 -5.19320552831077 -0.272594960387027
-7.32089246344691 -5.00279159412929 -0.476550848783587
-8.3467164636738 -4.49736364025031 -0.433763536947553
