-9.78551711024567 -4.50987861351958 -0.439418131223852
-9.95104550795337 -3.49887708124692 -0.933736933287411
-9.57720236056976 -2.59404150391525 -1.5132783730886
-8.75261929346992 -2.05311637454973 -2.07762651410248
-7.70614975965432 -1.96723112069778 -2.50404663176576
-6.63121449037884 -2.21401121680993 -2.74808134212787
-5.56518545036284 -2.56442849956188 -2.86063588156089
-4.45763407860071 -2.77446138033411 -2.94014882649277
-3.34325571703543 -2.61992272814004 -3.08744679399717
-2.43516630173617 -1.98946128014661 -3.35929365983038
-2.00943480803837 -0.99762686852062 -3.72639835684602
-2.180690821476 0.0685360977558107 -4.09037504273166
-2.82712687538231 0.965960660477745 -4.35613864159384
-3.72914187124591 1.64266224164824 -4.483501131797
-4.71561164642643 2.1999891331076 -4.47825606741027
-5.67325944294272 2.79537416074118 -4.36138485958054
-6.47534102411237 3.57479008540184 -4.15896621599639
-6.93095329208805 4.59103055446282 -3.91424952858525
-6.84465463602325 5.70967876648802 -3.69490816264266
-6.17884121897431 6.63178127677784 -3.56363391122459
-5.13055449733061 7.09404872114867 -3.52500441074232
-3.98250704177078 7.05414131141646 -3.51029675143769
-2.9037593958511 6.65597629048714 -3.4178318887716
-1.93061070232865 6.07818876219284 -3.15893592057047
-1.06238312132759 5.45919758220595 -2.67737263857391
-0.318061337547656 4.90214595990797 -1.9516529718078
0.259161308619465 4.49228892436223 -0.995924278204408
0.615580204879809 4.30113026905643 0.134981059480482
0.706234777375818 4.38151597682019 1.34393725008687
0.514772346546401 4.76525017851723 2.49681206704971
0.0699294368619998 5.45701174649126 3.43103126078489
-0.547365866974724 6.40852330632094 3.9778012989596
-1.20969001234376 7.49544629625761 4.00840054120137
-1.75582326979814 8.53443114329658 3.49054447493893
-2.00586040136573 9.34454381861212 2.52798429475165
-1.81039349631157 9.81083146503079 1.35657300733652
-1.13347783371958 9.9167860368255 0.286343328524681
-0.0853436013240366 9.76239622697968 -0.413834779374338
1.13603373655079 9.5251917077681 -0.63774759941546
2.3471665677755 9.34030223627808 -0.441125261102825
3.44511030486045 9.26578024092411 0.0616997753609872
4.41409194738362 9.35642545849078 0.735900389354443
5.28259325179309 9.69041966248105 1.43786704368987
6.05293720807512 10.336825894054 2.00598771225518
6.6655762523578 11.2762012953102 2.26023459132483
7.04184269223536 12.3421003807071 2.06129837172368
7.16351483415636 13.2628916585373 1.38919366602351
7.10585203795919 13.779930030949 0.369140706243431
6.99634056111765 13.7590078748288 -0.768457151478614
6.93578284257664 13.2405235882207 -1.78242956404732
6.93619508085313 12.3907484458658 -2.53885552609895
6.91006560274071 11.3834837917067 -3.06350960486485
6.70133673296705 10.3465390653363 -3.48060911792386
6.156442890139 9.43680252684921 -3.89885815983676
5.24996288772471 8.88795103843327 -4.32678258846677
4.1572667941 8.87933675581612 -4.67041702227457
3.13371819908703 9.37988762808061 -4.8146972181565
2.32712774692005 10.1936115213753 -4.69689175439669
1.74675973490511 11.1128816844667 -4.30458654319004
1.34812423505773 11.9828921302656 -3.64777810544656
1.09275899694005 12.68703319756 -2.75389886193419
0.958858042109024 13.1290259686104 -1.67684379554509
0.9312445721077 13.2317796540852 -0.503950860175831
0.988083149958857 12.947357325379 0.643956197826805
1.09015613790105 12.2725965624165 1.62061850961431
1.1746097001633 11.26725129169 2.27331138437367
1.15286514560133 10.0680733114136 2.48043473034195
0.908595375061147 8.87915171640924 2.21925725587865
0.31192604126947 7.90293300585015 1.66442915341382
-0.649801096371232 7.19294875953311 1.1983881066179
-1.76179876317026 6.63131087709911 1.10633524881595
-2.82883003356362 6.19276120754218 1.42465831105475
-3.76487416214469 5.95971497822146 2.07614841952383
-4.58874144891314 5.96477407378138 2.87319967489489
-5.45582072640176 6.1456440545238 3.58370561410782
-6.49792628007382 6.33815011595366 3.98364582645794
-7.63234001811104 6.32315103305257 3.9364216192458
-8.60896109358604 5.94907224981304 3.48645831402299
-9.18780872563383 5.22163359135131 2.82723866994299
-9.25659778870672 4.28923062420681 2.17688155974311
-8.84791031630703 3.35432524623678 1.67584178364359
-8.08722925846469 2.57595041252092 1.35729581516683
-7.11846609151978 2.01771648286463 1.18222268815217
-6.05047672838547 1.65736307551413 1.10254362873017
-4.94558332398497 1.42634076534887 1.11259262526904
-3.84342533562997 1.23535298737309 1.26474906527465
-2.80945381783121 0.983324310512155 1.64530909809196
-1.98551437421098 0.571915060588061 2.30376533783685
-1.5748744525696 -0.0582841540257583 3.15009947838184
-1.69834906956635 -0.872044950895716 3.927233577709
-2.25313335412062 -1.75269984538561 4.37048483792088
-2.99288669214011 -2.60515894943952 4.38244122519114
-3.7077113499107 -3.40021240614918 4.03122110396813
-4.31840458015531 -4.14383033512511 3.45302369313822
-4.87534555886091 -4.83895277566274 2.7712896314731
-5.49804223573401 -5.45519540777702 2.06856327512888
-6.28481365593738 -5.91066086291937 1.40415405269565
-7.23862701337999 -6.09347804181299 0.828444762807771
-8.25436693258399 -5.91848438336615 0.361767829641436
-9.16426298810845 -5.36942035307029 -0.0328326690645362
