-9.00166212359892 -3.40232398871164 -0.369393853455739
-9.40612270852444 -2.32873027638958 -0.296888796538191
-9.04708319812867 -1.24038826452006 -0.297845107635597
-8.10633327115954 -0.659569892799366 -0.576696984035734
-7.09627836877436 -0.722067148503975 -1.11669234050664
-6.17121958142564 -1.13526598331685 -1.66118547846684
-5.16556399575386 -1.61381999374713 -1.9704156991618
-4.08038996843853 -2.02344775475161 -1.89430121595496
-3.00125637704214 -2.19214956356515 -1.47340809348939
-2.00584519091652 -1.74722303533369 -1.07934556268122
-1.53495898253792 -0.722175482349485 -1.25307854528788
-1.913510759671 0.229999671745728 -1.79340411307524
-2.81774441937181 0.829643989465246 -2.16689835614319
-3.86010843695635 1.25391739509547 -2.24712396428285
-4.81950664247239 1.81602274323587 -2.19866858153363
-5.49057688972873 2.68429817665744 -2.16557808873366
-5.84737396329568 3.71778106737751 -2.1455641956172
-6.09088286017441 4.78516444374186 -2.09887139110792
-6.27017117267983 5.86352706216132 -1.8956131891383
-6.24565938874462 6.87806945293201 -1.38985323558825
-5.67082873679523 7.65137439998474 -0.753997892913139
-4.56882743627678 7.81680736757399 -0.658031744850542
-3.7258223997271 7.33466852931201 -1.31465578193571
-3.23073806880087 6.55063634091523 -2.02979179847949
-2.67741425536535 5.57400917929097 -2.37773218933732
-1.87093330317716 4.70697839689654 -2.31554050089881
-0.869463196899914 4.15740977561553 -1.95812438335424
0.169500155074484 3.97502008420872 -1.39003707683204
1.04203481003561 4.26936808012374 -0.633168380231853
1.35343533605863 5.01836936731197 0.258356412633226
0.931600642459668 5.93365351818642 1.02654855298375
-0.0405033852034769 6.906092365902 1.39883091412966
-1.27793479483336 7.92286838037228 1.04563866478886
-1.98422314556311 8.82086764948451 0.180725145622173
-2.21153847469983 9.55173213033759 -0.868074565404152
-1.56681623054936 9.99916473396509 -1.75343651718783
-0.436092941024493 10.0313510454705 -1.6389928622705
0.515885894353352 10.018689535099 -0.747429426211998
1.54695578778371 10.0763335305201 0.139136127058148
2.34170212838172 9.65434780130336 1.02626202427929
3.05584253082733 8.87881995473793 1.53436412108978
4.11418182968273 8.49878359099105 1.60976964250113
5.18728046163655 8.88323624537976 1.4230250496751
5.96225884211042 9.67726971222231 1.03540514861706
6.41034862355386 10.6255893689648 0.470080536353864
6.39716448270976 11.6800372264856 -0.0974081590034285
5.88546647555903 12.7056042786472 -0.43467398578061
4.95108551144268 13.4442081609114 -0.434463594962442
3.81295816116793 13.395980660438 -0.145175001948062
3.26607217004065 12.4137294217184 -0.0495552547527684
3.59344100973212 11.3695597493207 -0.565680127126563
4.17665621435645 10.5402246371793 -1.25663651880475
4.84045167282574 9.63772406069114 -1.73315410588308
5.41200400605002 8.57762619518089 -1.75339272626058
5.47863559274183 7.43179643348432 -1.40474371760605
4.64456539567673 6.63981406508586 -1.20180894237411
3.50668009095255 6.82994603841435 -1.51612098775297
2.77651326761839 7.74854862150803 -2.01797381818484
2.29238402743384 8.95300720113184 -2.38062811523773
1.85884077725617 10.3064658182578 -2.42579250446632
1.2489412477126 11.5469685600738 -1.91858669524748
0.456856257656428 12.2145659777501 -0.912080686558194
-0.248296119943388 12.1690407098417 0.251793497170469
-0.615630554833298 11.5224595274402 1.30453297569392
-0.466713905922537 10.4707130362221 1.94549693600461
0.0682586447554125 9.37736805448157 1.77041871784145
0.480763605713077 8.54066668944839 0.728362422535708
0.345951965164828 7.77099034015864 -0.450878670966132
-0.443467905779401 6.94322477427007 -0.913510167861897
-1.31264586147385 6.25938788371271 -0.288744814685154
-1.76830580473906 5.92359391932384 0.810036513824245
-1.50945706873099 5.67460964074895 2.00117784903623
-1.66962512038221 4.78885748356511 2.6050345526728
-2.74590985751358 4.43594493565467 2.59839997248591
-3.74194521385312 4.98590785091148 2.32358196990819
-4.65295199488714 5.59276620766971 2.11482646166357
-5.72787640767303 5.86652755984988 1.94883215201558
-6.81459404635395 5.72414357394118 1.62911329603304
-7.69749227696551 5.15878173579264 1.14961677821212
-8.14238965308227 4.18350638306841 0.718087516796389
-7.9169133283417 3.06087595141538 0.667669996644979
-7.11121254876302 2.39083574609954 1.10709018888369
-6.08009220227489 2.42245111295271 1.57701222140959
-4.99543658082215 2.6749865263577 1.46133985284625
-4.02824782038886 2.79236224996955 0.848870895887553
-2.98545950097846 2.73891446107823 0.365426676466443
-1.89060264647178 2.35108325125774 0.396415066557575
-1.25465095287907 1.58717970809503 0.984965369807235
-1.582859636992 0.75866038539521 1.70872038269657
-2.5815164781408 0.32440509998354 2.06161637718154
-3.70432324555333 0.229436118349138 2.03116902139158
-4.78604351464279 -0.081225625721317 1.90413160586174
-5.37096605915468 -1.01377722530259 1.90005329089196
-5.04992301608197 -2.08901651482916 1.86296712403367
-4.41869052854502 -2.95367040456977 1.51227217690557
-4.26801198675057 -3.80539937415289 0.783019102441783
-4.84127608387693 -4.40034037112555 -0.0146910058117784
-5.88188810224948 -4.57637834097517 -0.462329869816643
-7.0160815509756 -4.45569246373522 -0.514375848070904
-8.09947154825331 -4.10689698960122 -0.436735173627828
