-8.20570497433732 -2.74653761537737 -0.4
-8.03482630052333 -2.19107820854085 -0.399932253971907
-7.72284734274786 -1.78552507459061 -0.399894560965867
-7.21007182702718 -1.5933000982093 -0.399899635721979
-6.57395677302041 -1.5949743420916 -0.400006102814168
-5.89142953373823 -1.62749734473342 -0.400096699036699
-5.14387468133764 -1.62748151861184 -0.400067873664209
-4.35452401645691 -1.46066975312922 -0.400038781524332
-3.57122352211682 -1.1894409932989 -0.400013552472801
-3.20796160788067 -0.698190403977739 -0.400047415340652
-3.05837882275088 -0.18657407638587 -0.400038915323462
-3.1438430796381 0.347444563303781 -0.399983816132728
-3.41921940201129 0.976487648716388 -0.399944964935875
-3.78919513873485 1.56586583860394 -0.39993573510074
-4.32326865815544 2.0358814045663 -0.399990398736615
-4.79631942941162 2.88732266859503 -0.40001577858095
-5.19070554041578 3.86419700279543 -0.400022626305745
-5.21208466963933 4.65450302474355 -0.399982596135425
-5.03741399755459 5.34115669400296 -0.399939165125095
-4.69552437729513 5.93940100361611 -0.399892833398286
-4.12991988899232 6.19162794341264 -0.399896209576763
-3.59216080277142 6.32517757002381 -0.399913099978443
-3.12228196956635 6.28242033629666 -0.399949170950452
-2.7519744901834 6.07352013170231 -0.399930458074774
-2.39792281811331 5.82124734635767 -0.399902008934291
-1.99205025462456 5.58638612887736 -0.399898703912002
-1.43161173675647 5.48022515564476 -0.399896696396453
-0.767787570989868 5.46450260277467 -0.39989740676632
0.001282835852357 5.8063468864871 -0.400013701415077
0.449906010150342 6.20311081033331 -0.400073900609201
0.471266207722674 6.67310092102455 -0.400059305863814
0.0973020504941409 7.23284638600901 -0.400032430598201
-0.37839206252385 7.78788476021679 -0.399996863204945
-0.933811261762522 8.27934957352539 -0.399942569107149
-0.905312134758823 8.95582131286841 -0.399958066497029
-0.52213341674088 9.66375962306479 -0.400004798245021
0.588602264836545 9.66366998416078 -0.400009057918569
1.38407478027996 9.43243511599559 -0.399972151917768
1.85411435003667 8.9625987208511 -0.39989275231764
2.28540974788413 8.85988712911427 -0.399991270771435
2.7465495845989 8.81614137296858 -0.400046792633328
3.28062338273155 8.81608602362524 -0.399969606157799
3.83025995641088 9.08121426747565 -0.399987425599102
4.35514287127183 9.49622846034283 -0.400024066963028
4.69699507005382 10.2225425537071 -0.39996297456885
4.7777121103833 10.7589861162983 -0.399953556717993
4.64952102395076 11.1435332542711 -0.399985478501792
3.77668161503795 11.5073346224222 -0.400024426886485
3.09916968430333 11.6181817794689 -0.400017647455491
2.77873879164205 11.3190836508792 -0.399936185955925
2.83134579730311 10.5113907450388 -0.465958865205859
3.1307858409284 9.72574668498967 -0.532003365383028
4.00654582455531 9.53350065523433 -0.532027651453906
4.45922492869457 8.99740531772263 -0.480517229620599
4.62644942002435 8.25378128220624 -0.399935428834371
4.02821088181787 7.63431896466632 -0.399943395262548
3.31610665706061 7.46111219766638 -0.436942642633767
2.46167032411491 7.84572486884141 -0.520180991183786
2.30298640129195 8.76123879501223 -0.532081765828471
2.09311092697868 9.75370118709058 -0.509639918260665
1.43094644210679 10.7149510189794 -0.426442822349703
0.724967988446789 11.0200413286026 -0.400049221330532
0.0381872328422483 10.9402412213196 -0.352066671299142
-0.272618784962307 10.1032916704164 0.152003081079477
-0.278873411797194 9.41906918733752 0.400032152230946
0.00990612136979207 8.8828010512133 0.400021813443608
0.544784675418981 8.45245282480494 -0.140578398208143
0.701891264505498 7.95806367761622 -0.532063445794359
0.0610230579973181 7.3173306354675 -0.532113014755632
-1.08978443945126 6.96334142706741 -0.0940471160348304
-2.17020339478503 6.58039548024875 0.39995017885043
-1.95750239878803 5.52661973253764 0.399911710440499
-2.0903009505416 4.83919762644658 0.399946741546441
-2.48222416310811 4.42654075157055 0.400036897289288
-3.2801265909264 4.56219388033982 0.399972168932475
-4.05179680592177 4.88673804257762 0.399966602663643
-4.77364101860075 5.48495413688856 0.400054759927116
-5.7127289211515 5.34833444971245 0.400011920015581
-6.496644556013 4.81883500792527 0.399952129119349
-6.55855068583236 3.51941530387101 0.399940889803159
-6.10960114874493 2.95332724928157 0.400009425630466
-5.38557737015849 2.82167627729973 0.400113981139837
-5.03490893102005 2.94545298862461 0.400021516140282
-4.74122569371453 3.04074447052191 0.399965129945588
-4.51435269304071 3.10263947653861 0.399951043039351
-3.80122795753144 3.14653581488749 0.400003174800876
-3.1116996629873 2.95205989903448 0.400037520417909
-2.65798128352344 2.16819831773778 0.400003321158159
-2.62189546415632 1.34109771348682 0.400001265764603
-2.90140455185936 0.587008891355262 0.400009708538523
-4.26294223397131 0.566385496384629 0.399991094205401
-4.98692485463641 0.243279710481943 0.399992536246062
-5.13131196489532 -0.354810067177161 0.400012211353796
-4.69619221879485 -1.08829816404234 0.400053371954673
-4.36960482760281 -1.83756928615984 0.224055329775578
-4.31850194408906 -2.59914689035406 -0.28001848678382
-5.15270471945535 -2.89435392700289 -0.400043218779066
-6.17401841989046 -2.99907866600843 -0.40005660719295
-6.77201858821445 -2.89229815457406 -0.400088882691971
-7.45796259484414 -2.81060382209835 -0.400064387725687
