-9.52730082939135 -4.17138249059015 -0.400800214680392
-9.73727642821012 -3.08245096618311 -0.668225634904799
-9.39265214819318 -2.09331462946451 -1.1202604145924
-8.57765591304293 -1.51386578350815 -1.6670357007632
-7.54294899621494 -1.4594362619442 -2.1367530097711
-6.49652269730383 -1.78780591633157 -2.42640077462482
-5.46912199059798 -2.24857390962588 -2.54740660880427
-4.38590709627475 -2.58570293359131 -2.57850586312953
-3.24891149836519 -2.54046571920387 -2.63256810363956
-2.28636242576881 -1.95217122400555 -2.81216503365849
-1.83853505545415 -0.946696184714798 -3.12463475676471
-2.03689953809725 0.126124624993743 -3.4707908803603
-2.7148856696266 1.0069632317759 -3.74009830869648
-3.62605750857102 1.68040333365502 -3.88307238800655
-4.60935003388052 2.2585728647204 -3.89650961240776
-5.5706294777582 2.86292172197699 -3.78925022913045
-6.41414578511614 3.60158568216965 -3.57543004897516
-6.98906705036178 4.54809432964544 -3.29011882001133
-7.09134411209767 5.65568337174095 -3.01402703424835
-6.59217468651246 6.67787759795362 -2.86547372308472
-5.61609170177367 7.28061710706785 -2.91503184974404
-4.480267005062 7.32242187625539 -3.10065500757694
-3.40243639262573 6.9359336265448 -3.27016498083528
-2.40412556077213 6.33424174021364 -3.28164560035814
-1.45808255223666 5.6786830587294 -3.04061378862602
-0.583314231729413 5.08496841567403 -2.50093399077253
0.155873689780722 4.64576569338063 -1.66612033088534
0.674188070106803 4.43383582265816 -0.591557172564715
0.892407772469188 4.4951374644155 0.616098214259837
0.764573596851139 4.85135636164714 1.80660643603386
0.299325912261671 5.50380892296471 2.79356322739575
-0.42246075785971 6.40868556621048 3.37235699066047
-1.23602023995884 7.44142151322405 3.37883824369154
-1.89801212482898 8.41640623540554 2.78348994983763
-2.13829926765398 9.17392699570678 1.74753380616329
-1.78890714732109 9.61443616553815 0.587542614401142
-0.888529554718369 9.7195900201129 -0.320899138911691
0.334045916546356 9.60329270984604 -0.712435982244891
1.60119477820195 9.44864033539577 -0.580540993957999
2.73350534635063 9.32435356090498 -0.076129424474653
3.71364960976822 9.25450940264171 0.622257145782708
4.64731607078356 9.31988597887663 1.3333099122691
5.60084801700938 9.64686821203655 1.90477187421204
6.47856256186998 10.3255292407139 2.21438818007623
7.07575954166118 11.3071569011422 2.19914336948524
7.24093691424357 12.3921200177988 1.86318548344322
6.98789238071613 13.3172005006968 1.23407118471534
6.49174386026202 13.8388388733342 0.34209686538301
6.02420336971463 13.7897948482426 -0.701539072699693
5.8255353029982 13.1864505301581 -1.65141992951749
5.93725169587693 12.2463915053762 -2.28812945112199
6.18606158056349 11.1817904061446 -2.60877985088947
6.30334895752443 10.0609536410963 -2.78787709231582
6.02416140316628 8.97507337633719 -3.02171057884453
5.24844746318715 8.21723734937975 -3.39989278349402
4.19031824489067 8.08974684754267 -3.83790940353205
3.19501668852282 8.58620218867153 -4.160490134235
2.42454688123368 9.45444197310601 -4.24732300821903
1.84852857180017 10.454699726356 -4.05285181848645
1.39902863588852 11.4257457321641 -3.56151678497343
1.04152176111437 12.240552102994 -2.78113103882695
0.774830973131685 12.7826746848709 -1.75804069822795
0.613283861889666 12.9508293092607 -0.58924876342833
0.566597282589688 12.6786984011591 0.574095143149679
0.618858713756084 11.9643065190871 1.53864951489037
0.710540996757759 10.8976708594813 2.10723936687527
0.731598081543507 9.66352200643363 2.14672687916065
0.520493490263868 8.49129856167042 1.68070640174467
-0.104586490786548 7.54546493203459 1.01939038000271
-1.07984709193308 6.78221963413006 0.670057249789619
-2.07465072001633 6.07726131567531 0.83297480780471
-2.90180131361095 5.51998732678606 1.46392170466162
-3.55612940139564 5.25991614276683 2.38453824490534
-4.22222920674362 5.35740219019055 3.30934888103352
-5.08895645691074 5.75335468798163 3.92372147323866
-6.12711454372423 6.19877576145228 4.0174957220685
-7.18245642926178 6.39051607068588 3.64433341820173
-8.10442304276793 6.14151199671655 3.02624494589361
-8.73164799107244 5.43709719370197 2.38737638329053
-8.90964467603488 4.43479750922933 1.87520984682771
-8.57807981937429 3.40011657742055 1.53651905984294
-7.82379081549865 2.57599993463929 1.33274342432833
-6.82596266849642 2.05854675920722 1.18608811434196
-5.7356643384538 1.78827967806827 1.0447772753782
-4.61822502806072 1.64173100394553 0.931828430118038
-3.49202174990667 1.4978021065567 0.948223588395636
-2.42087569460675 1.24676639930082 1.24197074374234
-1.61277051761412 0.808243465227638 1.91490616744129
-1.36671128378172 0.19676366721699 2.84183691500374
-1.7743709034472 -0.476794906672132 3.66150711530495
-2.59454199287722 -1.14020886921757 4.07771378819654
-3.48250750361995 -1.83656338680815 4.03197249415356
-4.18077449947056 -2.6183332728878 3.6245440672505
-4.60122577244083 -3.45797105952076 3.01261701216333
-4.86913941783238 -4.29189953507053 2.31451626821901
-5.23750229823024 -5.0552302857018 1.57687452573385
-5.89741686930594 -5.62928221495303 0.862538396470926
-6.84591457232819 -5.86277774243779 0.287230995681024
-7.90744638616826 -5.67475528601624 -0.0709894549057318
-8.86290919620135 -5.08501700587085 -0.2533740617891
