-9.9066573745578 -4.74867070636973 -0.402756271491408
-10.0446417325576 -3.84302417998618 -1.07302533495381
-9.66733295639242 -3.0279731371943 -1.76751164268562
-8.85415148469321 -2.52083294608799 -2.37319738470096
-7.81088690085979 -2.40212826880508 -2.7920215457715
-6.71967567580826 -2.5725259272862 -3.01493332596941
-5.62906518957526 -2.82863424769948 -3.11917357014259
-4.51163870763902 -2.94402828884591 -3.21574607617539
-3.41813142214587 -2.71759886422269 -3.40210562200443
-2.54883022810837 -2.05918640663818 -3.72041729342048
-2.14866024557475 -1.07569468766386 -4.12877347201599
-2.32036314164267 -0.0237639389296382 -4.52434916642188
-2.95572646874221 0.870944438552372 -4.81217756262863
-3.84648195649926 1.55388046456097 -4.95443626127527
-4.81800593111174 2.13036009973695 -4.96170342130893
-5.74265780445501 2.77355722930419 -4.85848680455981
-6.46764799484194 3.62569808149265 -4.66854504488474
-6.78652500033618 4.69152950266959 -4.42489642341475
-6.53917291018514 5.77803933029222 -4.17617887789937
-5.7590322059655 6.58663681684074 -3.96520535331453
-4.6775404443936 6.91889532296858 -3.79400780438596
-3.55300178727464 6.78946479546892 -3.61372103993388
-2.52318720350778 6.35076428073236 -3.34847821159615
-1.61744512369627 5.76714608725985 -2.92776145860203
-0.837730846997333 5.16636638562549 -2.3060255465394
-0.200845413787698 4.64752923798039 -1.46986438721215
0.259509551137453 4.2927907986847 -0.441954668167456
0.505579642180193 4.16750504675952 0.716534376232235
0.511958415814395 4.31655544133602 1.90967914489354
0.280597235357221 4.76419240812114 3.014174908455
-0.14942267110379 5.50706667172259 3.88800620672406
-0.702015909875319 6.49132358560082 4.39110150321023
-1.27294422932216 7.59936107185659 4.42097171404646
-1.74107878722799 8.66571940533839 3.9499619493396
-1.97711527026919 9.51910423811587 3.05265981738524
-1.86286812953737 10.036839377043 1.91064365276674
-1.33916412931809 10.186138152613 0.779426271303313
-0.447949407487953 10.0419815710007 -0.0893481973068217
0.679625141027201 9.76377356674498 -0.54732880508148
1.88587384419443 9.51075720499359 -0.586290283024689
3.04585922609927 9.37575014696534 -0.2747306609396
4.08923552157493 9.41687969696077 0.28680987752368
4.99835573506614 9.6940794810401 0.96549072308229
5.78684716192117 10.2609429432839 1.59249399447782
6.4620380840405 11.1132995809245 1.96458541578067
7.00312126358581 12.1213032218487 1.89319399382578
7.38062442662403 13.0300079282607 1.3079172162075
7.592577419355 13.5719235177518 0.323328389280299
7.67324375641531 13.60827089879 -0.815108748261512
7.66499190892863 13.1787156492443 -1.8703787744375
7.5793543691112 12.4347946047902 -2.72566117358411
7.37420028309193 11.5415951306456 -3.39568220448068
6.96109315887162 10.644522288295 -3.95655319963315
6.25736459966153 9.90486185798829 -4.45880862851037
5.27472050659577 9.50675376106302 -4.87805107202778
4.16284923929173 9.57071268757444 -5.13173912097146
3.13006264036091 10.0637187498971 -5.14246750551856
2.3148193955881 10.8270858061255 -4.88081166964589
1.7458031563629 11.678400120921 -4.35637578970609
1.39000646509859 12.4704587118837 -3.59495970833715
1.20259512953169 13.0924306805521 -2.63374982012113
1.14491044887714 13.4580389789118 -1.5281604526649
1.18292691083077 13.5022603282892 -0.35761589850467
1.28030574134314 13.1866359837887 0.773666867391938
1.39202451257254 12.510314690259 1.74137696256397
1.45978748388321 11.5250591623388 2.41417837946091
1.40814319523301 10.3494796374549 2.68288253611464
1.14110027841054 9.16742823295228 2.51598256257953
0.556990560493699 8.17863997308049 2.03703773966824
-0.369470858118092 7.47699542066227 1.54444305960198
-1.49641087376897 6.98380488707899 1.32222997447532
-2.64505875350869 6.63349111970444 1.44911168530645
-3.71824502831027 6.45266645498039 1.88475837553879
-4.68577347708495 6.43941028194539 2.50935696782057
-5.62206186832765 6.51521316368801 3.15411994152039
-6.64672919022233 6.53678337848837 3.64029753497837
-7.7525087189289 6.34195631746694 3.80749988870038
-8.74628211952027 5.83336079352931 3.58872121666993
-9.37628298601806 5.04143648190569 3.06631672910212
-9.49178931316317 4.10767422825707 2.42569042741987
-9.10476288971846 3.20702539207889 1.85130661335858
-8.34533352010065 2.46785240037493 1.44966164455213
-7.37189173177133 1.93298972896418 1.23825409865229
-6.30364991392441 1.57273031839167 1.1887119820111
-5.20910952606544 1.32125601079562 1.28073843058705
-4.13309673587768 1.09805860868922 1.5268645681076
-3.13269686457808 0.811914091132588 1.95920570010201
-2.30687748850918 0.366544223334908 2.58615678403464
-1.80061446841223 -0.311901533434411 3.33357351848269
-1.73528708110785 -1.20854377453417 4.0174735000754
-2.09144045237344 -2.19737319672839 4.43192269813079
-2.71316954327265 -3.13785007668209 4.48228583432213
-3.43076002505429 -3.96172865536982 4.20862885028183
-4.1541334441554 -4.66816410931278 3.71677609687347
-4.88275684917989 -5.273471276104 3.11251336792064
-5.6645385099947 -5.76904378733918 2.4747394281482
-6.54079385926135 -6.106755507058 1.85441016504701
-7.50269128576187 -6.21383676805992 1.27651660895948
-8.47580989034021 -6.02639010834386 0.735323498512622
-9.33111063066695 -5.52253355815573 0.192774789028343
