-5.59091055232698 -1.03723938185602 2.98520567577458
-5.16591498034513 0.0669209230946156 3.32658286314533
-4.92230592365782 1.0167889537951 3.96285199923088
-4.74119496745684 2.1301701035007 3.41760461730616
-3.96181456781166 3.14970119401046 3.28582088521216
-2.87311489352991 3.27656302745354 2.99108251352467
-2.09604514853758 2.70877674388273 2.78385537146377
-1.03524964671567 2.69250719882827 2.45335678354024
-0.559506433707486 2.33328516384157 1.65778517225823
-0.232254988613293 2.21357486122698 0.737821397115686
0.461181507702247 2.14476976975477 -0.164193499770353
1.37839129342259 2.7043352884971 -0.813162736195486
1.77074574026276 3.40378360284654 -1.46946160602721
1.81505372055646 4.3972481878245 -2.27743433276519
0.713042944341743 5.28114095776985 -2.01304207499151
0.560721856896605 6.04031915496291 -1.91137196412395
0.0443954355919323 7.28603709805864 -1.41940394630478
-0.260684422197902 8.60749851755183 -1.03931661456593
0.0613705234138716 9.49801503767484 -0.683259828717297
0.381212352573933 10.3099258575243 0.318001317481622
0.745841639590416 11.2616417498084 0.214095795978158
0.920277492164429 12.249142042799 -0.142493803293359
1.80938311283697 12.7941534030135 -0.558740688384162
2.6757668790507 13.711814676863 -1.07595476998369
2.51767759579842 14.6331194537692 -0.622272953587141
1.74622888686542 15.5523895796806 -0.243408923588204
1.60723537894514 15.7559631248956 1.15828920896641
0.89379186675998 16.4049708828663 1.77226566196655
-0.263829248234323 16.797392663809 2.09466651516376
-1.42122847912864 16.1653450714546 1.94657160974492
-2.68852760529829 15.5953559523543 1.91217314652501
-3.57269166300387 14.8975423634156 1.58108860441666
-3.85220014250057 13.6425649304869 1.45468240363339
-4.89223089898667 13.4253180186573 0.502863881999291
-5.72859843029808 13.1476415160311 -0.362799892012782
-6.09405467405441 12.3657192110646 -1.10301504177613
-6.11311035146027 11.1993247551211 -1.96582746203491
-4.95360421674071 10.8460729794711 -2.28648952034283
-4.46576192834747 10.1487478815508 -2.83680477593602
-3.46171667066139 10.0588938729124 -3.1080781064744
-2.39435472673372 9.40307422852479 -3.51882816324742
-1.09661008145066 9.32151632279836 -3.69033496165161
0.0950813924253991 9.12926015040977 -3.49667178733539
1.32491078450354 8.73381635002844 -3.28382947865335
2.15369606112742 8.25968914515597 -2.79166046909368
3.10881248818026 7.84865305985823 -2.22491906031261
3.26262314437022 7.73154487986082 -0.96441299162644
3.15072640474077 7.62876249473449 -0.0777631067015766
2.47845047910412 7.27290763859983 1.05897040725076
1.4243527329777 6.58192725436677 1.36567590791238
0.154583782590816 6.38837584437449 1.56958578479101
-1.14373955719655 5.9944484953269 1.68219409853312
-2.05626708453391 5.59301507411026 1.17204719505658
-2.94041551529914 5.26182996943116 0.510892126812704
-3.39540629252667 5.23218975905438 -0.860504379065418
-3.85030501902937 4.81720466080552 -2.0163651047311
-3.761839214888 3.91156323641154 -2.90650990033777
-3.36274315204667 2.90504295854135 -3.43830099030179
-3.01743841191863 2.1092310338101 -3.71449844605862
-3.01877284270083 0.584533515161049 -3.86077040600261
-3.24834266829495 -0.449349711705996 -3.42502982803616
-3.29577043666447 -1.58951852991647 -2.9405154034953
-3.50806125981391 -2.63888544709053 -2.43319096556894
-3.71978524015321 -3.33362817032775 -1.63218318245337
-4.11073158856867 -4.11913520926182 -0.77964599665149
-4.5322878438278 -4.82412637361882 -0.107285889441274
-5.51049425882155 -5.70398864660949 0.078124196807027
-6.39450104368922 -6.53576020188836 0.642564413004771
-7.52760024375304 -6.64243343164665 0.274729307487533
-8.80259886702057 -6.34879001983678 0.520572637186161
-10.1045767980563 -6.22025475246621 0.246261414293525
-10.8291749406064 -5.2259045410236 0.516558065289319
-10.9770254952324 -4.31766914505029 1.04683154657679
-11.2079734496166 -3.17141380971294 1.50762755844487
-10.714441239172 -2.1593386592834 0.869221324783032
-10.1994677565671 -1.21887866591485 0.508873843097576
-9.33442108420591 -0.223945620012695 0.177246746111795
-8.59954922247058 0.665816292796122 0.339737210151731
-7.75378207837157 1.02987840169142 -0.4621883223868
-6.7493686424907 0.417161504326166 -0.864447198363124
-5.52847087010763 0.263959290322755 -0.840567011666752
-4.26656163611365 0.146652142134735 -0.73239433630903
-3.14251655775975 -0.429033385038822 -0.222362749072928
-2.34059178972895 -0.85392931490563 0.325498282240455
-1.70655175443361 -2.05900167896046 0.248291041286487
-1.17052002154708 -2.82579876780733 -0.0542412728041824
-0.909578585172809 -3.89560781569357 -0.858880357711353
-0.505525858613553 -4.7844199603102 -1.66270511758328
-0.548611749653555 -5.58148733733512 -2.57102992448721
-1.27463288674341 -5.70752419587229 -3.42794785550862
-2.32259010784656 -5.86098224606493 -4.16623457357113
-3.51520724429292 -5.86386972512385 -4.50385824002332
-4.68215271045957 -5.59700621642804 -3.74643661878051
-5.65662817152039 -4.9869565253776 -3.17426670188179
-6.49399585826549 -4.05762035993494 -2.6152689867244
-6.98330922275415 -3.06104997422941 -1.45433568965862
-7.32020577004213 -3.00578119647313 -0.294396373562602
-7.18731214105133 -2.3601121596267 0.698417635036754
-6.908964630602 -2.47384470817274 2.13031046868733
-6.29763763583022 -2.20491633055575 3.03129049413908
