-7.64629664571706 -1.45316375582464 2.6282642947878
-7.22069085513482 -0.481269431130361 3.60029177149238
-6.70183320258026 0.375133687347723 4.39629990231606
-5.873304150423 0.864146332132862 4.88622007689089
-4.67237939447359 1.49208024369876 4.72783702949874
-3.49717684809349 1.57881542159471 4.00212689701849
-2.18036509937002 1.42177349086838 3.32240292270005
-0.952853997451504 1.29151071522858 3.11769578021399
-0.287648657177977 1.38296497937014 2.15609038422076
0.139010814219555 1.81021372120711 0.996470360308773
0.472246053021742 2.43188901320799 -0.253679201726314
0.0898170595663597 2.82460463647106 -0.928334913229843
-0.418055649454126 3.95555072915381 -1.48267375175235
-0.708331218084557 4.7937370886559 -2.0429540963449
-0.686403085052899 5.88282391055247 -2.53020927837479
-0.549961637640346 7.36237142148329 -2.36087798803242
-0.778027807552024 8.55196029779108 -1.72929573375377
-0.312004200281208 9.54910335095737 -1.58484834215879
0.762477073411422 10.2773824217437 -1.35716154897372
1.36908853534318 11.5922578436633 -1.57530432705109
1.19183862161696 12.842943855549 -1.58019621652836
0.949723201118648 14.1421322570783 -2.13692586558259
1.46160763257847 14.9594687025432 -1.75782798676023
1.6279527989975 15.9251635712607 -1.14265641645841
2.0146648183738 16.6819678759304 -0.358820845538472
1.06744591040179 17.3587231741507 0.317456928876751
0.912219726968824 17.31750879821 1.55010478776225
0.992143804171063 16.4814557278116 2.21840738909199
0.839332017009339 15.4276009079954 3.12990378491201
-0.0190145824976974 14.6241559083905 2.29788276037151
-1.23339651077459 15.2758289113812 2.42777221369889
-2.27287590941495 14.9354361634957 2.37104606533275
-2.97462408237564 14.4532555476036 1.51405526447146
-3.28794296696897 13.7652176637531 1.25599268896819
-3.99315295812023 12.7871307275025 0.726594758072617
-4.69347328742051 12.3889384810713 -0.308792034570325
-4.66237823701868 11.4344204004291 -0.987145490918476
-4.7007928583792 10.7436739332388 -2.17736636613793
-3.99797425539828 10.2935921437476 -3.47198655536815
-3.98129760320663 9.23726626547325 -4.16555685606764
-3.10971032710284 8.67799666959738 -4.84781830042735
-2.22821792254573 8.91614658718664 -5.47863156475832
-0.932525905656229 9.17638794237771 -4.9667138572548
0.154097018023313 9.1530743557452 -4.77026276839677
0.743315140241336 9.30107979757944 -3.99324933646724
1.89024937404576 8.63405446946578 -3.38009717296633
2.51358090449658 8.03363813906555 -2.4591983660658
2.50380755910189 7.53018189351284 -1.1274605621988
2.05223447759859 6.85673310272672 0.0116854797410703
1.15902828333465 6.83734427192239 0.932521783895246
0.28822593333604 6.48914070659613 1.36412635216945
-0.453354212142126 6.07392913330253 2.01530615300935
-1.74952971736951 5.43252276373494 1.36745405067283
-2.3272599174162 4.82894764140227 0.886350470736251
-3.02066764389121 4.020395399246 0.215845132661879
-3.33371974511199 3.56697624823912 -1.03797706050406
-3.50044195128718 2.67364900375452 -1.98660740102114
-3.97631738816477 1.669430877181 -2.57350818727923
-3.99578430475912 0.587771803170472 -3.12674644538645
-3.97454344750866 -0.594055588697371 -3.30893887411818
-3.94032979031523 -1.63547383123253 -2.78958269533964
-3.40306020838058 -2.61002279628236 -1.99335834508169
-3.4537733723746 -3.48322603194715 -1.01129073385318
-3.80998025704528 -4.36639013300427 -0.291131867382079
-4.42320404200315 -5.35104269041813 0.261477399895503
-5.2982166680152 -6.03824453500923 -0.0544219272808029
-6.11501151876962 -7.229595294408 -0.224061380132869
-7.36958714990689 -6.91639360768286 -0.351545005286095
-8.5716380246912 -7.20147026873926 -1.09620865571031
-9.57034847756115 -6.46428558412495 -1.25235156300112
-9.93768213737646 -5.50815952514995 -1.01254755511489
-10.7456289430699 -4.40229318988546 -1.27119191919824
-11.1226825440663 -3.36530661818368 -1.39023387487714
-11.1686514092725 -2.24204215966041 -0.807072624977653
-11.1895624422426 -1.04620122169056 -0.486251010278179
-10.3752610295638 -0.0946605746421242 -0.29799608011828
-9.2812241927165 0.757378485367247 -0.488323927806806
-8.27649129291875 1.20336837971727 -0.137424247237364
-6.83615430867658 1.23910323459137 -0.214917934376382
-5.91442265924373 0.683208469681675 0.210000276388794
-4.92799601583657 0.224596024683316 0.827112456127022
-4.08350330382845 -0.832031013460016 0.938874525655036
-3.04629653678852 -1.30658540486714 1.27012326312244
-1.92178273547039 -1.78977768651716 1.52197602742301
-0.768584501066726 -2.3925739817612 1.69864723274181
0.329864817042266 -3.05976223443972 1.28568953176859
1.01262945597425 -3.84895579220157 0.930804295966825
0.938319768408459 -4.68254896283925 0.392589397771742
-0.247610496135968 -5.47940633456677 0.307110882778124
-1.1431381960984 -6.14138949756811 -0.659823331904138
-1.74139836191469 -6.44916356389674 -1.95431665552013
-2.81667604074755 -6.64779198352078 -2.47851826537252
-3.75680128777206 -6.75649839215893 -3.1894457865502
-4.98552134860596 -6.19832059785705 -3.32828571321332
-5.83751407558232 -5.01254845908048 -3.23667964236831
-6.68637033598883 -4.35080167336776 -2.60511947675062
-6.79003362929024 -3.78180603371443 -1.51358602391836
-7.34973719952774 -3.17921254829275 -0.237967669130366
-7.3914427135764 -2.85652400720544 0.744287101994257
-7.94719401846919 -2.36777889326854 1.86032820081995
