-5.4807975429402 -1.62894272928144 3.09976761149108
-5.19791516540788 -1.40165982205411 4.00312451290168
-4.19233156571278 -0.987858546391147 4.50869975962032
-3.33978898992046 -0.317956842774789 5.09669587566759
-2.15369826423959 0.20398890792065 4.77601405690024
-0.812678863049677 0.394943154520052 4.77732304506649
-0.13501001565913 1.13475733122072 5.01791322424596
0.888019708942115 1.35712453682415 4.47092312518309
1.80775241525039 1.51731244833922 3.5642775483174
2.61845480580541 1.8126759774518 3.00716315517611
2.62785609192977 2.15785019319452 1.51518635519908
3.02508876308 3.02718076157741 0.757900633560124
3.10859952906148 3.46595452059349 -0.275827144353082
2.75034586161403 3.60381672681017 -1.53720812768869
2.05203791021659 4.20027923485696 -2.30862187576018
1.26349076637945 5.35996655025371 -2.31468792047905
1.07680859627882 6.29918548408704 -2.4669459358094
0.483679644970724 7.66563935163157 -1.59919797602813
-0.153901917582009 8.62065240485989 -1.0513821849703
0.103377631364148 9.07722746157049 0.250547470921293
-0.145644166697116 9.84690899089483 0.883630507305677
-0.297289434310357 10.953694992964 1.57928274682784
0.0429534929105615 11.0668057351317 2.76622576439008
0.597411617349733 12.0949358153165 3.32634169570253
0.441996961509316 13.2093283953677 2.36963684710559
0.373907993228712 13.6871675264589 1.44786520340234
-0.382381747677474 14.1894685533205 0.629075896999686
-1.40692734000859 14.6193853398044 -0.129674317305984
-2.23579095007793 15.0655202002689 -0.992538002776581
-2.71429342167949 15.6617340959696 -2.20738737004727
-3.94259321421243 16.1012013654578 -2.02399693925654
-5.13352798770087 15.5554223935751 -1.3227305050488
-5.99068036614021 14.9015846137211 -1.26403052527232
-6.21633403658204 13.9581457796309 -1.79380441801695
-5.35143017376816 13.2562528595415 -1.69889054969722
-4.63115311119921 12.3386361612022 -1.82608009568889
-3.43177819893203 11.9049888301929 -2.35821612360068
-2.60996909432514 11.7350643437491 -2.60690204892417
-1.36421909197963 11.2168968312334 -2.71601501933706
-0.632304363906088 11.7489200683789 -3.63433100670687
0.278682933213871 12.5603472343759 -4.2231014382013
1.22232662753866 12.636559365702 -4.37639667817318
2.17094053188977 12.3063298553786 -3.8658827269785
3.08413572376766 11.761205126737 -3.09990544222206
3.31222399750948 10.9603833342599 -2.02860729491016
3.83783909405544 9.95336749923013 -1.88441280318117
3.78416818516427 8.77645394575241 -1.20695057470407
3.8032972268883 8.15083178617468 -0.334815440550346
3.1323838330971 7.36743592519387 0.551851568444115
2.05963646788058 6.69630328763502 1.11901642366077
0.961939207630477 6.17860381588815 1.41197422171408
-0.190377084424859 5.97956826823612 1.49609015861231
-1.16564027775184 5.11973107794746 1.04643364566435
-1.96549067307388 4.2221579444724 0.788651874654382
-2.62376056920723 3.82775013255701 0.138987835301947
-3.23567261333132 3.68749109874968 -0.857210153426497
-3.7471616393592 3.17539437732232 -2.08258389998317
-3.80686423348085 2.56308129395003 -3.00883710078607
-4.22966226018229 1.68342512106145 -4.05915141815803
-4.73088637375356 0.96055723508814 -4.16040992172621
-5.46080709572907 0.185514736478864 -4.05549967697604
-6.0898696491968 -0.946825944758938 -3.6450870876969
-5.5372543712901 -1.80503162086004 -3.39783263120047
-5.61906032263612 -2.94762761135796 -2.74237062482205
-5.45209202446863 -3.92669825245165 -1.93701103568393
-5.05961125584797 -4.93764154533108 -1.21413533216698
-4.79227456939191 -5.81007146836558 -0.223844388025629
-5.13523479653896 -6.0431071178992 1.01133484543434
-5.96078970323622 -6.29875573111758 2.06980928048406
-6.34987132128342 -5.60594461732021 2.83339031733711
-7.31903715787844 -5.40760134408475 3.38084645218814
-8.28220339961666 -4.61090441823151 3.11266336872166
-9.36562274005652 -4.3441926826106 2.67802401216033
-10.5302693435315 -4.01917489860474 2.5680441893515
-10.6817782637667 -3.05659394390301 2.05568810956995
-10.484938193814 -2.11501578934081 1.80159711461803
-9.75501645234431 -0.990261190205991 1.29797514981208
-9.22078803374863 -0.00801294205726758 0.967576063133965
-8.10873469814809 0.884875947769566 0.703020771036753
-6.7573023619018 1.39305477653408 0.363006485613943
-5.613689722879 1.42348347567511 0.356757453185628
-4.67881979676612 0.442901679479496 -0.0229007488346998
-3.66330527433941 0.150267788169675 -0.319856158902991
-3.0890888645137 -0.202620041739455 -1.26127897595635
-2.58565378564058 -1.04575474163018 -2.25115053849494
-1.69707476704078 -1.79255962959465 -2.97289440575532
-1.88793974476076 -2.34133805221503 -3.80425413747406
-2.54099979048344 -3.11553275669824 -4.61570382110125
-3.32171536218326 -3.76381687144769 -5.15679153125289
-4.05452591274991 -4.4883092167875 -5.59064945232012
-5.3497427415969 -4.36379481259357 -5.71191740796352
-6.29604718459102 -4.24486468683714 -5.65112296829226
-7.39592687909369 -3.95554922801963 -5.26618217447229
-8.07930322504632 -4.3860002843715 -4.17543918191344
-8.45842154999281 -4.39927556831993 -2.90900178261337
-8.45207860569104 -4.06149335446473 -1.53080215981957
-7.95700236217768 -3.83777875690083 -0.608769362507841
-7.54139192068049 -3.29725076094828 0.627542420035386
-6.81375355871929 -2.69618456873688 1.25136630203513
-6.35910385823422 -2.19652811402828 2.19437190162431
