-5.79880477425243 -2.49518037221383 2.70037330958462
-5.12079758744837 -3.04201744441594 1.86938293798404
-4.49747299725124 -3.51852642404118 0.695289288490569
-4.55982971739376 -3.3309547206097 -0.373122815988372
-3.66963708210665 -3.14376434692006 -1.58890015861998
-3.21811650259954 -2.99991756969634 -2.67741553762773
-2.38358970489513 -3.12966342547448 -3.75583068496811
-1.13850762658106 -3.17926814708963 -4.0659209467974
0.345089290141344 -2.70283347426881 -4.03838271050503
1.21362030177276 -1.8363551332303 -4.04236552340698
1.90024725319523 -0.585062979655909 -3.89121796619406
2.30716135190288 0.652954969690112 -3.6775719153397
2.42003630142024 1.57800713548043 -3.50823130145039
2.00163813175916 2.70705410850253 -3.04798820531115
1.51250795591563 3.66660217154175 -3.11489182600086
0.495280320234556 4.42537801043111 -2.63296369626804
-0.736178126697246 5.148109408156 -2.30790708467137
-1.5739060226159 5.67133344207547 -2.4476419724373
-2.99187960170985 5.89309610700264 -2.14448400209557
-4.44500176780083 6.08050264573282 -2.53155172512611
-5.02684393597577 6.55849661992953 -3.45608673195123
-5.54643856217556 7.5059312733853 -3.954849620301
-5.51568336214948 8.57986482348956 -4.60187731017956
-5.34499056577915 9.4123009212409 -4.96591959052195
-5.13610025273651 10.092655130374 -5.84759237218133
-4.73548839029767 11.1991634462355 -6.68119177787563
-4.6472070084717 11.9466543649768 -7.39650803653211
-3.88432207693716 13.0980978170695 -7.68500318749501
-3.13126791971595 14.0005251342334 -7.43053936999135
-2.1654184659846 14.6273961755637 -7.05929144943958
-1.59773922071592 15.2485708236453 -6.25831082038113
-0.809498322393658 15.737056166704 -5.30892528480822
0.253131216292507 16.2585262907337 -4.70182699868156
0.786124891658153 16.4862279020062 -3.45244271039439
0.943054729931381 16.8835091543219 -2.57712219004167
1.89617006423023 17.004841335494 -2.24742140608186
2.66580034874867 16.969634785834 -1.01865852577029
3.25925691642989 16.7434337404322 -0.333450293876878
4.06952571651842 15.9126563577586 -0.276377960176207
4.34987876127385 14.4644525907982 -0.370809251853496
3.65649779355137 13.6541372967703 -0.496455306521176
2.74102279007172 12.8637550609971 -0.0139878915106679
1.98236984102137 12.6543025807424 0.910483411541133
1.24947311393425 11.9616485336895 1.13401024775198
0.168387839847484 11.6258990845728 1.66386313800041
-0.785711567191543 11.041852561738 2.18796150430193
-1.59518647884562 10.6277028692572 2.28814809932454
-2.67990380934252 10.7429261818867 2.56972423214552
-3.6333119679451 10.6515826670923 3.65608237729277
-4.13187975630526 10.1116799729582 4.30859690482998
-4.60595511247601 9.37038148705192 5.25482742806747
-5.48575295231412 9.09282101621681 5.73849553571478
-6.25240778642908 8.21252929016619 6.2448271331132
-6.80386476671598 8.10363640729902 7.22273394860383
-6.68518956149978 7.20049241182823 8.10085065778466
-6.52378598663164 5.96524173296527 8.28954026765634
-6.6691908240617 4.71889339280939 7.73185960024166
-6.56211368768921 3.86952513007487 7.20458557557016
-6.71255611301412 3.2787828958844 6.37362276840221
-6.65281290118863 2.23764974986991 5.34500962901278
-6.73102987588238 1.68658497017134 4.28139308983536
-7.17994457316771 1.25047195084672 3.15401688381618
-7.25759312539934 0.187903281283016 2.61685257522276
-7.52417890069404 -0.708660775583922 1.68882898124649
-8.03315529379205 -1.62265820004403 1.00779052607599
-8.4729670085391 -2.91034745037796 1.0725745787264
-8.62129292561022 -4.14074276046959 0.874392661018092
-8.37648658365846 -5.15231682202681 1.15091962391573
-7.5928990441273 -6.31017014836195 1.72121353114069
-7.29493704583399 -7.16970329175586 2.14165757256022
-6.10189530196577 -7.49205180499512 3.13950987511111
-5.12418171940011 -8.21015770202759 3.69085347191022
-3.9557023921396 -8.82390150647998 4.05788053667624
-3.01184535279627 -8.20556388200621 4.51049384106053
-2.31461600710299 -7.60082378895579 5.08443382430096
-1.14222253252571 -7.0294621687699 5.37261071053499
-0.331776522620003 -6.67188478798655 5.06224225491316
0.255801569798997 -5.75919460699475 4.2251162943704
0.313139015744669 -4.7514025358214 3.87547279400467
-0.266132057774566 -4.01688372648665 3.7017182670179
-0.480376377415834 -2.6446546034742 3.15991305791088
-1.19058321929233 -1.7718712039602 2.96723501982977
-2.1274737158309 -0.895376162518161 2.29835759493122
-2.46063841058524 0.237971740513489 1.50631923454408
-2.99720841053333 1.23153832868596 0.760607010611166
-3.83085843602475 1.8686212314683 0.251142887364974
-4.95581521757253 2.42047708261259 -0.109409395692922
-6.00376240903793 2.52104712849763 -0.705555451455723
-6.93984007386651 2.21947466601987 -0.818744569932228
-7.96462039877503 2.78406208726335 -1.13508301620555
-9.14873551227105 2.51040247526455 -0.743469029073896
-9.92447184157655 2.28849470723338 -0.197997553795352
-10.1714404214399 2.04841561888385 1.0439389197383
-10.3099812857252 1.76649035105112 1.95892657544201
-10.1771115705317 0.607312087153894 2.59452592391556
-10.3101643162121 -0.431272468926757 3.56169853385289
-9.59074300711844 -1.17613583058702 4.20091798141995
-8.53422294785267 -1.85750206582092 4.3127799167729
-7.34076670528999 -2.41164767204071 4.11926779813336
-6.54242570343615 -2.66439966150007 3.45781474107599
