-7.07233589526119 -0.618378969152232 0.680347762520614
-7.9121512452706 0.887839485478693 1.02410714297767
-8.24138253017453 2.46518679612374 1.69246489352901
-7.20936820429852 2.70527852982289 2.62694855944729
-5.90235025247849 3.54498590873887 3.14640111331522
-4.73104181488154 3.79826620192581 2.94959217295272
-3.46057858939291 4.04024827255413 2.58960039810021
-2.42942831396454 3.91148172756349 2.67687684460567
-1.5615454884795 3.30470555208693 2.2674513290504
-0.251121365314911 2.8989495619474 1.75589910365379
0.490824185555537 3.57907858630065 0.99649539858025
0.789361445831896 4.44987991754448 -0.0858329754791265
-0.040659976170968 5.32141120626658 -0.371824901923251
-1.27924965860079 6.00518292013659 -0.124840791000374
-0.673222412411195 7.24487989828181 -0.960664983550635
-1.08365131995501 8.04682397899318 0.0813951370104441
-1.8476837062854 8.4244851195448 0.26654883504217
-2.29110792047496 9.71796320568816 1.39481831746512
-2.64825892375129 11.026965061034 0.824662862401611
-3.13191093592015 12.4747053260822 0.558299325965858
-3.18172988391609 13.615930684507 1.18711122168222
-2.5485635481452 14.7609502136597 1.61129596511404
-1.23406132645653 15.0328872352003 1.85412580361762
-0.162640325693044 14.8288911220045 2.58336469359894
0.92140663361799 14.6332441519714 2.95410034617394
1.86551606271093 15.1955918483319 1.95268380811195
1.84750890829095 14.7682185244922 0.699216606952676
2.27077310486438 13.7244882379475 -0.0665700381246839
2.17307706354113 12.5147203146281 -1.1875936495638
1.46985184240614 12.0325551121748 -2.5670029656792
-0.324246282447866 11.5401733967016 -2.24594214284101
-0.63353069115091 12.7248668471984 -0.990331319636691
-1.06009348282026 13.5711532068068 0.623269883964223
-1.20165876856946 12.6898502732075 1.73055189076295
-2.03788140495629 11.804204924256 2.63979405652459
-3.34891783135512 11.1611958659207 2.63834977286816
-4.58777314993821 10.3869204771552 2.04347177609088
-5.10926121245855 9.59195116455615 0.970702835502581
-5.2342246472549 8.97274456571469 -0.286249409918201
-4.28003804906841 8.89384324005868 -1.80765594471061
-2.86159873134585 9.13969969155506 -2.70078060766763
-1.27984957991815 9.07461699584932 -3.61423008361405
0.037779317749105 8.6847911994173 -4.39902808142648
0.708182693661826 7.96643473012017 -5.50612747215204
1.91968705332888 7.90901014664192 -4.20843318958273
2.04373208434933 7.567872923978 -2.67441778407434
1.79882683433336 8.05448129674754 -1.95284708915763
2.11705768426063 8.10808795034438 -0.587985751052631
2.25879043000705 7.91343690365471 0.579711929517674
1.62459294949091 7.30414887857907 1.44688281160351
0.877001824683667 6.23845180918429 1.6315749184338
-0.477763695725596 5.52776841628559 1.81152007701529
-1.39197922731925 4.60333274565049 0.838530807994217
-1.6882515588171 3.92511938778417 -0.549323531738688
-1.08718000379048 3.46299753314017 -2.05987230535692
-1.3572149887997 2.81499770022258 -3.21635088515037
-2.10755328676666 2.15577648539463 -3.71699071864637
-2.33857069296634 1.21443812936312 -3.18362153290304
-2.94173975685266 0.0420003461118654 -3.28207059525455
-3.02208105387188 -0.47823943282668 -2.42715646187623
-2.72876027537404 -1.16371845556067 -1.53959668363692
-2.8444730856192 -1.83749490375701 -0.507632632850635
-3.20018545481601 -2.42237920341104 0.420456553565831
-4.21800322206302 -3.31081353908823 0.504536478063254
-5.28265905210558 -4.08646805531689 0.518766948737658
-6.47904319612624 -4.52402405049288 0.798470757841135
-7.17894563700737 -4.75670328228597 1.68339778809981
-8.34616244090815 -4.32839229986917 1.94527684091691
-9.53313319759084 -4.03863623355818 1.66317191939227
-10.13693850953 -3.79300976721027 0.561480727716713
-10.45542148784 -3.51199856461759 -0.476819254298123
-10.300711854386 -2.81034253947772 -1.50827094642939
-10.1771243386332 -1.71095972318416 -2.16980764454115
-9.9064655019885 -0.704159310120383 -3.05637607175338
-9.70494397635825 0.417344519761323 -3.78324384447055
-9.29491128468639 1.22403731385191 -3.74234075293248
-8.50038879809919 1.41164148577799 -2.81844140639162
-7.40744558643182 1.29808135549 -1.60944423134365
-6.33073073965411 1.25119174244359 -0.696001811577631
-5.09394714789769 1.53536175135137 0.0836006603325205
-3.9517389472053 1.16950580813735 0.622865158816181
-2.75672390197769 0.633217184385927 1.61095642978041
-1.60246297299732 0.303683398641825 2.54667966386915
-1.12098717840538 -0.326077321229159 3.64482485351648
-0.25955111971678 -1.3836795019627 3.95858169916744
0.710381350184887 -1.58936492194597 3.70210844449241
1.5126902656741 -1.91004431232144 3.14501400977413
1.86893645037786 -2.41598837698737 2.30692023471385
2.06846572421259 -3.08549344378388 1.26431492617947
1.80887724512247 -3.20383846666422 0.0261949266822324
1.69382458921574 -3.51036566737337 -1.26064622917816
1.05245279014792 -3.70476167982363 -2.39775133825903
0.315946116972858 -4.06735775014214 -3.06251112803087
-0.82469506705124 -4.19119629117943 -2.97292498083662
-1.88481032355119 -4.6710626490118 -3.05040895849874
-3.02265023639743 -4.26637005173457 -3.03344135906394
-3.83851578208233 -3.70117615384418 -3.13581211887261
-4.57868858445504 -2.92982991979541 -2.08625715432407
-5.50260679810322 -2.47933402682438 -1.5023844868171
-6.1195829760928 -1.96755231532758 -0.458861780571227
