-7.33883749065246 0.230300259620809 0.464422430122812
-7.02930968704213 0.398380982298346 1.80498606450977
-7.34552991695941 1.87033499716569 2.03379257187134
-7.69014719419512 3.64018242605712 1.46710131174509
-6.50862008613173 3.51095822091987 1.43329605110762
-4.7816002058248 3.38001906511971 2.2680807797008
-3.16001906853421 3.30115147639524 2.13827792297418
-1.86337378209124 2.61194203802004 1.99986382202437
-0.456245014581058 2.56506367455542 1.75137690880248
0.841918162772419 2.62259298814039 0.95688947663932
1.54747110091512 3.17043825042151 -0.299095963870406
1.56580038664941 4.24465359109282 -1.11621647575232
1.02267305898957 5.43240044071967 -1.78630811183267
-0.107660654588325 6.39853685219393 -1.66964375006195
-1.70757135023564 6.60141737919948 -0.708026561615162
-2.70216003966202 7.82080172393445 0.0509674581729681
-2.902342096871 8.3922275319368 0.494048586802363
-2.69083157779746 9.5624718601145 -0.552408155464377
-3.41239125902875 10.8275770412818 -0.715095689544969
-3.42837893750469 12.0810425946111 -0.322399916922004
-2.9212860041913 12.7002897900317 0.392168671640293
-2.0271653253229 13.1480920300391 0.944981748596472
-1.02355471256625 13.3012259674564 1.46344753239664
0.140597129006732 13.5188328718742 1.67520342018906
1.16699116507452 12.9969531306998 1.86986387503036
2.15016048794991 13.5327704388407 1.34294982279874
1.8203445942788 13.6054148212781 0.322866730725734
1.94837493342795 14.0611860335112 -0.777289537914266
1.05205502127223 13.9129518428981 -1.45353996113184
0.28109575363022 12.9969093945815 -1.50728732921913
0.352606693991268 12.3766637510683 -2.08817593320838
-0.216193345645984 11.3045440793078 -1.33324383956186
-0.894850100269619 11.7900532198051 -0.217991121411373
-0.927887889642078 10.9581196440938 0.833904020558303
-1.056268773116 10.421308517206 2.08184108863797
-1.88284605163302 9.88461323663507 2.97409199399464
-3.064886930372 9.81416275848518 3.18864399538422
-4.06359627135533 9.82483403032479 2.43760735037109
-4.37859885881375 9.4622397695082 1.13201686872071
-4.44209425782083 8.91499342519005 -0.075456510852501
-3.88966633395926 8.40512657845722 -1.43431329920409
-2.58626638828577 8.49100823526539 -2.39720969031533
-0.992513927939921 8.81342381240073 -3.00030266535149
0.596091767150157 8.35658943665969 -3.59536231562489
0.814302541673092 7.37594409128709 -3.2990420094155
1.70320719290901 7.46626315255745 -1.76319541057866
1.90568606458615 6.95968083765304 -0.339205512077954
2.05354337248072 6.82668249650454 0.91992441036068
2.07940272385541 6.88487506801323 2.11551194334812
1.3311303983016 6.57327106400696 2.93265285648785
0.366191466268098 6.03806986473884 2.70582203807543
-0.62022963706311 5.56877489074288 2.09870156652873
-1.02184410598959 5.15055204864638 1.04393357469054
-1.60632127192779 4.73448966533539 -0.0342526250088876
-2.27217612610074 4.29009090858348 -1.15526545339106
-2.3705042289396 4.05234129414017 -2.37431807611217
-2.37923656860251 3.15489927086234 -3.15392133830182
-2.18606333108752 2.15489709664491 -4.06135747898796
-2.05410741280107 0.853952138381878 -3.44500711389522
-1.41942911129144 -0.0227758646165747 -2.12477898099513
-1.04352622193984 -0.893395081764622 -0.874264700175563
-1.37177513001093 -2.14407468079659 -0.357560975936531
-1.96766645167635 -2.88926583438374 0.526311073429086
-3.43587410498075 -3.60906389488641 1.03906559924493
-4.15473442227583 -4.22830428287772 1.88188435799704
-5.66658447520895 -4.86752484717639 2.50179858773341
-6.94196918527018 -5.0208501484882 1.98721599288819
-8.0310639248815 -5.03605304641486 1.09176183187243
-9.10258256431876 -4.66151918658469 0.349236325798151
-9.39264406365526 -3.5416140672226 -0.540159856024935
-9.51831755038729 -2.35207654315399 -1.18813482686
-9.84363047233394 -1.29039031538409 -1.64793761617382
-10.2147846555253 -0.254177917345006 -2.24030309972775
-10.2950562074382 0.880148516334686 -2.76034382642167
-9.99417330757105 2.04868137775168 -2.83788001242017
-8.71901971290837 2.21832986585482 -2.914790476381
-7.37121041031887 2.40845839875237 -3.38042760011126
-6.22591741480696 1.98249142775603 -2.4475271927668
-5.25911185858812 1.58452460248989 -1.4403314518705
-4.75451427134338 1.34592533719689 -0.256908673673995
-4.1125730868812 1.20034290787585 1.05105109125238
-3.82568562797587 0.892863342725787 2.52878205352273
-2.95519802070336 0.909935878135899 3.63372327801528
-1.84708463835988 0.35173928618217 4.17424172702462
-0.48619438442671 0.55000557032709 4.03962815731309
0.8457757606016 0.365121966626425 3.58460746699234
2.03128454718617 -0.138681423122797 2.76573656494227
2.80687866662766 -0.775350039311814 1.96523265127572
2.80840756957852 -1.76604255680334 0.9302482682689
2.37570724505656 -2.77092207483641 -0.024459219224555
2.09764343274943 -4.09064552318298 -0.647197907617464
1.15190227423192 -5.10638984330278 -1.30998568551287
-0.153783101194745 -5.27783807706874 -2.31689866819219
-1.33084979780496 -5.4758658352231 -3.23294919060591
-2.59290027193949 -4.86799169612469 -3.83909457503758
-3.76472617500886 -3.94368165904308 -4.15446911311371
-5.05300891850574 -3.38064620618639 -3.29003868618196
-5.85273786032052 -2.6841449664044 -2.66081174126427
-6.38531987422644 -1.5663088652172 -1.65512215732863
-6.83538645363758 -0.365275766229319 -0.725824702860006
