-7.05307109441868 -3.81306303828188 2.20886787267056
-6.52541529784372 -3.20055760686144 3.45504476323071
-5.50087920146511 -2.8952475955238 4.15118165432855
-5.01926033534568 -2.26682738962103 4.95904579115289
-4.40500993486433 -0.936780202693412 5.47538562385051
-3.23595546005202 0.0464570012596698 5.32752989491111
-2.55449768423394 1.07807204702757 4.71924985875786
-1.81656508984772 1.9446027107824 4.08936671426218
-1.20518034703952 2.26465126566416 3.24715223281174
-1.07772332289602 2.76988613784478 2.07928106519123
-1.05823122106102 3.41973109253561 1.03887293453025
-0.843823178417825 3.9971647454062 -0.126892638694047
-0.506244275448214 4.99998317409673 -1.19352104457292
-0.56296947982871 6.07777410312032 -1.59890543598041
-0.503556670209342 7.66135557309911 -1.76447659692552
-0.294468610342706 8.85594590215168 -1.61839201207056
-0.423642569238415 10.0704567676543 -1.97001233806521
-0.523107313430486 11.4264919154152 -2.6372409362578
-0.269622042533219 12.2546012473118 -3.29319300149813
0.028729090425001 13.6336543502954 -3.56924528878285
0.185411567683775 14.6340969677067 -3.21117305934786
0.19282760410071 15.2697597488214 -2.17831736666342
0.0110880167283562 16.2615659100716 -2.02185839972393
0.222151618484239 17.2596913208351 -1.1080642563689
0.667181711718285 17.5987193576905 -0.234326437251148
1.00617801260357 17.3447565129802 0.907646286250034
0.819545361066748 16.8991108946119 2.0251875180817
1.34820424362606 16.087998198818 2.54427823026445
0.776526798799903 15.0704168491289 2.87392233910919
0.324460282842833 14.5440475322522 3.21825807629911
-0.250765137598762 13.787125107717 3.04941520205827
-0.821892588406928 13.3903102649339 2.42534004635506
-1.98896851810829 13.3523376835117 2.62903524901708
-2.5933675777227 12.5597656039607 1.79185580310298
-2.37835474400438 12.5201414177666 0.342022150492367
-2.66139460439511 12.3631258763205 -0.760216764404574
-3.33394440442482 12.4120283248635 -1.70938942050973
-3.3865761793789 12.0725224147163 -2.86600410383872
-3.4344246533012 12.0557518907134 -3.9643590497109
-3.01496753591398 11.281284098737 -4.75828917819721
-2.48542623393306 10.3632935950658 -5.02623659918763
-1.93280935031277 9.55845180627575 -5.48656420374901
-0.809684747269596 9.18272347462961 -5.95001807528336
-0.233896598718438 8.33267071088896 -6.17266587534038
-0.170506232553373 7.81232963463819 -5.448574754699
0.864037039319559 7.22575782662449 -4.95334923847189
1.6460716830531 7.00596347764732 -4.05386642049314
2.0278185626871 6.98902040784991 -3.06140442605647
2.25158504962291 7.01767408234598 -1.63422003027189
1.64407073446461 7.02686624659721 -0.200922367572544
0.590627320802782 7.30110467655765 0.747649508800696
-0.36029918765629 7.23443168565813 1.37579222187074
-1.4862247947906 6.77416252130764 1.28544609087483
-2.67130676639177 6.2723164401894 1.04702518787195
-3.54100559471164 5.128714564894 0.728973558306885
-3.71243429871039 3.84762541634213 0.128598407941724
-3.50501935679103 2.58255512620377 -0.178349072963652
-3.61507026088253 1.44084027725663 -0.365741628988045
-3.36004555035133 0.40135987263529 -0.500802732820846
-3.52727415985485 -1.03046510956769 -0.789512011761449
-3.81439195693945 -2.46928934672772 -0.550364286140056
-3.9976294656259 -3.52190389217799 0.16786899981283
-4.27757357196116 -4.38655244345119 0.749709791947553
-4.770437832941 -5.50470559302351 1.07665129470889
-5.74380543722251 -6.25462203138491 1.20483751274612
-6.99373069107507 -6.31741683222674 1.00964444785936
-8.39881930560152 -6.81219101206649 0.911726204510329
-9.55834047593553 -6.81229338010653 0.642212278140895
-10.6025296645462 -6.55251607076918 0.261206387319162
-11.0138328791779 -5.5984458204891 -0.246088116147876
-10.9345875934707 -4.59232212973856 -0.862469849756222
-11.1488677610691 -3.68803275043312 -1.67505405793531
-11.0129978997593 -2.72564098192807 -2.41258886685767
-10.7220821668365 -2.32474582384664 -2.82861771508212
-10.2794923097124 -1.05792710372528 -2.90436906078982
-9.23681521701752 -0.712253979584956 -2.4779306992501
-8.67075445426977 0.107521902081839 -1.56584218853282
-8.1951478918835 0.11379160600323 -0.690667211582616
-7.36808471707501 0.00933287299556519 0.213356287689047
-6.62731118125501 0.18588092081807 1.06019008807685
-5.6804269689384 -0.128063403956471 1.63389070004177
-4.51544890515793 -0.474662307735229 1.93214926762247
-3.48874980107539 -1.23737351165037 1.91408665278019
-2.704937893432 -2.13699196287992 1.98316384983949
-2.23199582668577 -3.12444977206426 1.8017040987944
-1.53217117666296 -4.15522782462218 1.87726124681782
-1.00127721297136 -5.11670926402535 1.84635720637557
-0.402511270601223 -6.19735547799574 1.37841959175594
-0.0995196813590486 -6.10126041623036 0.0979198381830195
-0.286678746582447 -6.32654066930809 -0.92635759847573
-0.919154159221054 -6.30105347941832 -1.8027548824219
-1.7737183397423 -6.53355901079858 -2.22323274453075
-2.82764353649075 -6.94552313302813 -3.03714717045373
-3.88191694944757 -6.48212110187031 -3.51596542612105
-4.39123054034522 -5.50323104638027 -3.45139150317362
-4.89209612940023 -4.61213166645684 -2.90597775272713
-5.744865139722 -4.31395575903173 -2.19572954440055
-6.700759678326 -4.32461609988402 -1.53726773446962
-7.41851495135756 -4.10324685486496 -0.289331666113884
-7.47215627160642 -3.89021895655099 1.0691709083132
