-6.79833523734839 -0.911524472147257 3.17356728079584
-6.72702431699864 0.13453359150308 3.78354002707705
-6.32791026323803 1.35775448462584 3.92523918609395
-5.23953713398109 2.13350412128406 3.67265774460972
-4.1647262359944 2.16885593454246 4.3195108678561
-3.18478604277237 2.14135413939271 4.22734529442733
-2.49190039260037 1.68030058214894 3.41585014778439
-1.46596803597344 1.97875242124853 2.64099947062364
-1.05223649246789 1.76615802877394 1.51406843585908
-0.447091929154201 1.89599167154349 0.666439467977085
0.173227349276644 1.8114011018192 -0.522600441539555
0.342474433078491 2.10898146554065 -1.60703173137035
0.990704320051657 3.06670567396356 -2.41779572900485
0.962868830748626 4.12731371071926 -2.48792218908889
-0.00185557053201885 5.03600938513304 -1.98549020136145
-0.108834891931479 6.64770223205922 -1.67751904984965
-0.305779846011427 7.53934929417995 -0.829729826011571
-0.667986406985128 8.72146348669545 -0.480378458692345
-0.248503462259056 9.69351770730878 -0.133117614154693
0.103279941952958 11.0229275075238 -0.324337735060461
0.922857877502177 11.7442124387744 -0.898417834502215
1.8749331009775 12.7870909504146 -1.07150148667215
2.28814369389662 14.0891004713168 -1.59314797474155
1.84528514478377 15.3121334043822 -1.85892453622639
2.52699226501299 16.1694949054383 -1.10233915017515
2.6645129565928 16.6352650383052 -0.0849796859962894
2.26947582583439 17.0762301428269 1.13064487621776
1.04848240983145 16.72143204331 1.77370212975805
-0.0319695572808478 16.4459140326489 2.56150164038225
-0.83922371257405 15.6969080266207 3.27805262859553
-1.76182810983035 15.0988956659883 2.96283941527811
-2.50969594244108 14.4289045938321 2.31445024446473
-3.90463124612091 14.377424138192 1.70321761784994
-4.70965288130583 13.9874408771954 0.819908593319266
-4.91750808678248 12.7890243649159 -0.00172830068922637
-5.5016855413036 12.1337914583237 -1.18423553368564
-5.98817753317077 11.5456134864624 -1.958230207508
-5.25965664616898 10.2844695228033 -2.17947972363729
-5.01804895030636 9.3939642674902 -2.65045183345408
-3.8109545016319 9.60595089695616 -3.3945235004339
-2.61853796787566 9.3261083593754 -3.88054148266083
-1.31038999216387 9.24408053382775 -4.31609343866863
-0.307367499598555 9.2187641242031 -4.26097857845998
0.994642346620518 9.01336547235932 -4.38823922419704
1.78291979486052 8.66405067802891 -3.61714090910948
2.49579619686903 8.22144524839473 -2.98090873650988
2.80415951951258 7.77909798349583 -1.81792253940492
2.67390081516294 7.44019885117233 -0.493778843809146
2.19396895082964 6.81132824122493 0.809966327981131
1.31177073414792 6.8031408498226 1.56178322004128
0.0503184541072972 6.81263573371717 1.53173625730588
-1.30806565447943 6.54598039349586 1.28860023811307
-1.97305385246905 6.24112110661149 0.665499200864575
-2.90400793867635 5.45311768272403 0.361812906958529
-3.43584194849767 4.43097264354246 -0.449965492463804
-3.19441528357183 3.95925510550468 -1.1799884018217
-3.27681779654244 3.1433047921441 -1.84471339933486
-3.25478246911731 2.05593627646532 -2.60914883908272
-3.22948699490106 1.05299932480948 -3.49869308197225
-3.00211862400068 -0.0205546013070996 -3.87409433816679
-3.72746181690992 -1.13158185898024 -3.65695802694189
-3.81494450831986 -2.11276482521616 -3.07421116021983
-4.07697842767479 -3.08910756740287 -2.25702830146434
-4.14922310680687 -3.76410610020276 -1.24698942257061
-4.4932345419245 -4.72939417511323 -0.44379992435044
-5.1504704850447 -5.45950150262341 0.0612010225400108
-5.64607554652336 -6.65261717310307 0.397681636359581
-6.9685401719454 -6.91583164126069 0.190853843850091
-8.00447644324241 -6.91510583494154 -0.608588520938488
-9.02056319006211 -6.21958779669512 -1.0165746880059
-9.88379674578773 -5.41233402152765 -0.943438060487356
-10.53468463362 -4.59029172553614 -0.500239257460516
-10.7068614125971 -3.68424601964604 -0.0554997881406368
-10.5738484651818 -2.46164044869899 0.211695737128744
-10.3325023506607 -1.49584081622848 0.961965256056671
-9.95845628510283 -0.430771276819 0.980105871607232
-9.61905589012198 0.237269188684774 0.104381011259769
-8.67709025708242 0.160322664666808 -0.255172875206193
-7.4770909486133 0.0181114104258454 -0.616644775214461
-6.17025347308016 -0.227991374555262 -0.475772193149591
-4.93813947057484 0.310115918184149 -0.193528344694955
-3.86640307966313 -0.295185321225889 0.0861688640138163
-2.82915657069377 -0.876049898732861 0.345680846008148
-1.74537582229905 -1.07049952604173 0.419462254665787
-0.778664797759258 -1.99812992289917 0.204149477163749
-0.432235459705545 -2.67827106461785 0.489956496041289
-0.294910168839186 -3.91141734896037 0.662946161448615
-0.247743256159643 -4.8717494371021 -0.212720664854751
-0.655147428707272 -5.09474172202674 -1.1104926724308
-1.17251221103871 -5.77263724445993 -2.08454258361849
-1.98775991869316 -5.92071586684416 -2.68112921266436
-2.95043314948049 -5.76373247914967 -2.73938543226693
-4.06372614346534 -5.46978074608081 -3.48014000610293
-5.0452384721196 -5.33986933568006 -3.32948358445571
-6.33964772577047 -4.89266031386552 -3.06603281280946
-6.68721595596864 -4.39737276445677 -1.99892701991635
-7.07853909698032 -3.97680156255518 -0.697316649379171
-6.95197338747556 -2.99105643506499 0.38491501782941
-6.91664807536626 -2.32686972985846 1.60210539174287
-6.88891491879281 -1.89813077040572 2.59977204170064
