-7.35440298113804 -2.18090717078637 2.30997013992932
-7.00027692983164 -2.07104753665521 3.45935067122825
-6.08550708583472 -1.39599925082481 4.27689652856149
-5.46678440316043 -0.699762500509558 4.17376821915423
-4.35859118952975 -0.111597872303873 4.70384129358155
-3.44537224021731 0.552947814117508 4.49118053150667
-2.69545482287675 1.45996637849986 4.22376555606058
-1.65099198047736 1.97048725232171 3.75689549347571
-0.979580068922748 2.11422814002083 2.90838803078511
-0.380922416144525 2.40409062190302 1.68490683018051
0.293711893374913 3.2204308593577 1.10915613952711
0.274864895315903 3.69343144286637 -0.328773585157911
-0.378157524034924 4.74165404960829 -1.05277053051685
-0.886604338199633 5.66984431689845 -1.49147338489327
-1.50508213700947 6.93725282398432 -1.48253873306688
-1.41735176096079 8.37212810434965 -1.77598728469206
-0.651907203504478 9.22690544436372 -2.15414573130399
-0.246254202915297 10.3570903803932 -2.1824908132525
0.13531032025533 11.3894649653504 -2.62504391369773
0.422832457522213 12.6376020451313 -2.74849629013957
0.935468208862859 13.9640448454275 -2.76916310709049
1.11720629447214 14.7431149661952 -2.49837689937146
1.47198976752703 15.3470151822161 -1.62131485825616
0.592691421145416 16.3696925350833 -0.895811564700232
0.231734807305704 17.2987987611933 -0.0997111615248851
0.515253101605595 17.7792694193025 1.10688848815631
1.00012068424505 17.6710871833034 2.28491943406496
1.41895013665196 16.4897876442502 2.58530103222239
1.22210234954927 15.2911584755809 2.90961144999706
0.730803389618904 14.3617822410874 2.67983937083941
-0.329547579649012 13.8502924811696 2.85925403384315
-1.51232135626879 13.9227009333973 2.16122097641541
-2.3073409565972 14.0947686589393 1.78547929697548
-3.72817420882815 13.7203624486396 0.872763803194785
-3.69876254522404 12.5458205743333 0.281994838093704
-3.11430807824528 11.5898153665606 -0.294707072590998
-2.78577363524576 11.4540995663169 -1.31838571931361
-3.20691537177958 11.4283096658436 -2.49040959049464
-4.16809822043531 11.0928463811919 -2.92566223376114
-4.4425378920087 10.6556286265147 -3.66305357270909
-3.47245161472182 10.3598313566016 -4.93729718894332
-2.51757265695814 9.57099945509995 -5.76446940259235
-1.23727144570099 8.92952700831244 -5.65681318107137
0.275709544453692 8.42448842098333 -5.81281857613135
1.19521487020634 8.43187623264024 -5.44894909483019
1.90543617583896 8.0896758746665 -4.21367266104461
2.36816382178356 8.09426409417567 -3.05886388407968
2.24683128286105 7.96140339884855 -1.74345164563788
2.28838746093269 7.65588951671587 -0.602403360379619
1.45260821828802 6.97888916291859 0.119828944826102
0.701810404297672 6.16313997621147 0.571096059830027
-0.168824174752315 5.56569483700348 1.43000386223249
-1.33850139327804 5.24406228791922 1.36346543737102
-2.57687658871184 4.59486542215107 1.1855447197374
-3.53456241204123 4.00022426330657 0.525227703155342
-4.17135870649533 3.28099262974089 -0.530496842352031
-3.97686832275644 2.43184329323971 -1.12603997531058
-4.30207607919373 1.43742811727574 -1.77617603675156
-3.7776749166277 0.497440343305657 -2.11388801607689
-3.60864482129153 -0.538536537934436 -1.63697373757259
-3.586714825261 -1.71941839607505 -1.28545660281108
-3.63731554963694 -2.8709355305503 -0.769362628309284
-4.28106881569177 -3.93239994561265 -0.425340870625468
-4.69157414064979 -4.85158534623774 0.00437257592141663
-5.08771591592914 -6.05263881117553 0.521960634747826
-5.9179177960149 -6.89771637644969 0.411667760075053
-6.97230931092259 -7.54228886520315 0.0480205716774446
-8.08555952101719 -6.68577637789237 -0.136934150101747
-9.27542486996994 -6.6163900211994 -0.434364535571865
-10.2444502742476 -5.98108501044873 -0.520750128676858
-11.0717791598548 -5.05025030973408 -0.937879262261881
-11.6068111730247 -4.13308683483116 -1.50955868419072
-11.6643045655217 -3.24629046093463 -1.87094921760758
-11.1131390689665 -1.90160679840404 -1.82636632691232
-10.5140474318127 -1.05178906098801 -2.26559087926173
-9.45016108051418 -0.295669104295824 -1.83792316809848
-8.77537467781356 0.407246300332748 -0.873227071075738
-8.4576403548161 0.372109278168954 0.175560506477466
-7.27803703817349 0.298268718358038 0.874238466770635
-6.27957399429187 0.51921845151609 1.29059800721159
-5.21664924218412 0.102496179691409 1.50029453536384
-4.10200815168406 -0.442202152266073 1.66811484739949
-3.27520800554363 -1.40546629620008 1.98694949209106
-2.27658415647994 -2.0608465961077 2.46854464049085
-1.47431589408111 -2.945558024563 2.69328995715829
-0.707168861739047 -3.68562462960736 2.01128294346539
-0.344011369299322 -4.45544170529274 1.11751696995743
0.334781563654413 -5.08497429479838 0.220988924448104
0.420833596257138 -6.0725268714522 -0.507014699577436
-0.0862075965023594 -6.93093582882913 -1.01526479855347
-1.03796575706265 -7.44031692992082 -1.57669697532393
-2.24709389625615 -6.83340367163881 -1.64557832391801
-2.80795125101608 -6.26724491795411 -2.37202178828134
-3.92979905039278 -5.68622081546958 -2.56774111186528
-5.21894354681016 -5.1423998748482 -2.75622863023492
-6.47068155973778 -4.60459068368044 -2.708718731312
-7.09043791912092 -3.70558194355338 -2.20748708975539
-7.33127971289325 -3.14882802331416 -1.35947487612837
-7.46316058624853 -2.75154681953067 -0.203524672025536
-7.81745274976838 -2.46938885259693 1.16119293242079
