-7.24747829080381 -0.592612294154346 0.360340724718262
-6.5623925334019 -0.27253643810728 1.50811572040184
-5.92740033291213 -0.114383650680136 2.50074061437307
-5.8487642051637 0.532101951364332 3.07726573204914
-5.29786411035377 0.911745588807018 4.34257706494651
-5.71559700306519 1.7653105308971 4.82529573901655
-5.1336276128003 2.75355516285769 5.29037774743011
-3.81261483565804 3.23608576060198 4.88208496176995
-2.99854738225567 4.02517844625349 4.11609872193349
-2.22578676055777 4.17921445468253 3.24686860128317
-0.828741712956959 4.25801486022698 2.29329635025399
-0.181683007194603 4.79854003366195 1.36642853761236
0.237583197649954 4.77533711253711 0.066070210267817
-0.170712085956991 6.03365912556825 -0.746855069594586
-0.561664656814623 7.51352201563439 -0.493539037362496
-0.242937660629606 8.73550695000497 0.321935277941281
-0.407288196965874 9.69118167038868 1.11923756377116
-0.979049756466058 10.7918486231727 0.668392307332815
-2.05378567194024 11.753989072734 -0.194341520344864
-2.53454202508577 13.5781718407489 0.0537464014956607
-2.42435794840533 14.5311156528827 0.61608791882239
-2.47204255739489 15.2244394208621 1.74889349233187
-1.8051203132999 16.3918130264993 2.06777049819276
-1.17810640200201 16.7924234019479 1.53270836745884
-0.328067282655319 16.2303264002052 1.13961072144751
0.603269951992681 16.0642548126243 1.0592679145056
2.16674999706691 15.0771154689819 1.12305895667622
2.25424516018668 13.6394697850149 1.22074382152611
2.13938918998174 12.4561874775032 0.198886997094891
1.41017588670417 12.6722617949501 -0.0889121179338957
0.615774653957063 13.8435759578347 0.122304685745427
-0.228840288057164 13.5701965687439 1.07395630755961
-1.16613494053107 12.7404924696672 2.41015908887474
-2.76664004872589 11.9336239062106 2.37715695261879
-3.90561287128966 11.9143030437322 1.4417268499435
-4.09398223263388 11.6663005168636 0.155909561254638
-4.22953721693893 11.1408458991553 -0.982308220005596
-3.54576411429881 10.5409744825659 -1.75942525602789
-2.75364613921244 10.2420071053644 -2.6900873330012
-3.82326189038849 9.14171512067333 -3.44079673377757
-3.509807934555 8.76764468813095 -4.92151997385193
-2.33254007961797 8.55982336419345 -5.65918157715972
-1.37778901920483 8.60616055065252 -5.30647338221216
-0.211220929717093 8.4974341940132 -6.31312286462493
1.15183603758245 8.78129594918341 -6.01627405626337
2.09482799271784 8.65559989148064 -4.99549013148683
2.63013035496898 8.18092530834404 -4.21082348693407
2.6721877275868 7.66538138524616 -2.84116449797854
2.56682512973406 7.60337854572007 -1.25407434788416
1.88587265068402 7.45851433634601 -0.451550766265878
0.837328835084148 7.04208826819978 0.788564574586591
-0.776343589436656 6.54150492985153 0.595872473261866
-1.6546418351698 5.43468353702738 -0.421398916851269
-2.13970269151535 4.22815557376064 -0.546143357625964
-2.56251408450905 3.23123399178185 -0.955214880794337
-2.1274750037459 2.31871228365676 -1.80257454228869
-2.11887625850958 0.945585801745451 -1.92263912108867
-2.20421184808882 0.337995852702037 -2.81085275015401
-2.65003561058518 -0.675113490438064 -2.52756661695346
-3.25490090936069 -0.996315897860719 -2.16784367894445
-3.24317331690259 -1.74873935884361 -1.13656056983176
-4.14104942642393 -2.65258575251064 -0.181564649748029
-5.03930841117208 -3.44055488070217 0.873774852718869
-5.78249927558355 -4.42169200184769 1.65673921214085
-6.61858723358466 -5.37021326707692 2.26168098490784
-7.8147737892152 -5.55945372155298 1.99634468124576
-8.7996417635931 -5.42001998485169 1.37036491628674
-9.56968538746345 -4.7465613466061 1.24473158508275
-10.7204474869445 -4.26819830033059 0.434843248917835
-11.4912267331878 -3.50598766516192 -0.299567163683248
-12.4442366128187 -2.66524157518771 -0.99637378611846
-12.1956747420941 -2.14494492150245 -2.19033435239968
-10.9412596756185 -2.09015126483463 -2.68978992235594
-9.89166872944184 -2.03792764864826 -2.57997678942345
-8.91453862369566 -1.76427902254657 -2.07236818750019
-7.98853026559276 -1.12101375020669 -3.15633951683316
-7.53620655205124 -0.511962868270053 -3.3639028743815
-6.61691435781185 0.360075069788044 -2.72855029909162
-5.92313126691913 0.61184143712871 -2.05901013842818
-4.91837036673197 0.582016189314833 -1.13991440452845
-3.74703100183328 0.747960677753356 -0.124067654157888
-2.47699020361139 0.314438351849024 0.509129335596348
-2.36207292416793 -0.936745603814092 1.3052714950159
-2.33730517618772 -2.0152259770798 1.39578633910857
-1.3694029605986 -2.96115447944899 1.53387459077594
-0.467860442859421 -3.72693955150915 1.92180414095319
-0.259072196441433 -4.75661377712691 2.04472629065775
0.4896078860867 -5.39223591023093 1.3273553957032
1.56718172014963 -4.8159227419474 1.32432013302453
2.09294847974998 -3.8121043212486 0.454929146267319
1.85190139283457 -2.95035303707119 -0.752795966224991
0.792157450380951 -2.79075320430281 -1.57937687076887
-0.357855740156243 -2.54615115075732 -1.7925065232533
-1.57232623481353 -3.14997263778127 -2.16035311408702
-2.80349938239118 -3.53712998875266 -2.07393619931722
-4.03644779066462 -3.61174770207626 -2.24541136082336
-5.23252687201401 -3.80513850697009 -2.44389870500025
-6.11227252599809 -3.75186656593744 -2.16122885861508
-6.68951889105402 -2.78307976886655 -1.00285941717103
-7.27352627272783 -1.79820567250665 -0.00807508638024529
