-7.77792204128154 -1.05978164252053 3.05037096730968
-7.37962870465016 -0.259483695490849 3.66205636456803
-6.80445704219898 0.8728319503918 4.11311977049347
-5.79517555500143 1.42104766741804 4.68816822989755
-4.43225047969483 1.35187510448386 4.48687015135854
-3.20231767136219 1.56659333764208 4.30026149310148
-2.29047688963597 1.57575004824569 3.70866941727448
-1.20262413010535 1.73415849354534 2.89446900042099
-0.392281244640243 1.38351153333615 1.78849530690124
0.00468321288537134 1.43006773186169 0.648380525981267
0.433629295862886 1.91079462940066 -0.14076833664511
0.285766671484139 2.65758982747112 -1.41380949093002
-0.0799225714239626 3.56915885223206 -1.78784867585368
-0.234847564253653 4.80263849505669 -2.35908394560823
-0.116603488932787 6.04328650688587 -2.56467412346031
-0.385255359711934 6.9345131919592 -2.05464268201463
-0.591408923030067 8.12345968518659 -1.66896808651049
-0.251453722812239 9.11072006451022 -1.2302951483931
0.488036567713661 10.2361014614324 -0.871792570996143
1.1281838708454 11.3510435076621 -1.10132860356947
1.38358422185668 12.4145363697302 -1.2111360796275
1.19064852790829 13.6312159841047 -1.94081800835664
1.46926019468939 14.9260812258858 -1.84768947556451
2.07537854584899 15.6098160495774 -1.06840675374737
2.01972997053843 16.8051542764617 -0.887724605311395
1.62479619866622 17.4291196772135 0.1490659071625
1.40595910587593 17.1179358895533 1.30078155800254
0.750964785554985 16.3503663441917 2.23395651117311
0.320871036537554 15.6559377461379 2.97923026084368
-0.263217290292767 14.9509790623106 2.7108451102872
-1.2821423456255 15.0380678988938 2.5277814154129
-2.33577539987797 15.3744523597179 2.29988126487106
-3.08811779203733 14.4477133362306 1.74213264887721
-3.67937081120811 13.7223428343763 1.3948568235324
-4.37787608010692 13.116827027567 0.419087440441203
-5.19511124261356 12.3024673323618 -0.39828771720605
-5.14461217840222 11.3594672295191 -1.33379899048481
-5.10798331392869 10.3968552654729 -2.44003383122651
-3.93723512421464 10.1046370358646 -3.03169871245762
-3.60524177962319 9.0868018004618 -3.80989816025907
-3.00946955065135 8.77321315739553 -4.74198519029401
-1.86537282036585 8.74235484186335 -5.24764257261096
-1.02964076647545 9.04916215990594 -4.68891618502443
0.142254049391127 9.54456524204067 -4.41355364310899
1.24822608786262 9.24114088593924 -3.70176701954572
1.72115508552511 8.60380969028983 -2.91218243907296
2.10200290215943 7.79707329616583 -2.0989567917754
2.43833678283271 7.21220909972339 -1.18495843553248
2.09025443087414 7.21450461085159 -0.158127268836835
1.36291601153924 6.8204328846383 0.814366652198941
0.432023126044934 6.60221823990433 1.61388086502955
-0.907106199123046 6.30741091616287 1.88791436756215
-1.7257041736976 5.92709187109524 1.63120666281604
-2.63904066627163 5.15822236368542 0.583404191975056
-2.97241745841191 4.35626538359863 -0.246635410723704
-3.27821022881475 3.21433534994279 -0.926819983228197
-3.64648615513516 2.66542480610468 -1.77818247538706
-3.52366930805924 1.6542247719668 -2.81286331555588
-3.87662319622947 0.6768703692261 -3.39045697491575
-3.91444008716718 -0.572540204498849 -3.57332357863207
-3.76381538038914 -1.52394944476425 -3.27046516212163
-3.59175798004729 -2.32878696620858 -2.3098759563046
-3.50057749239756 -3.23061602981585 -1.43832769459081
-3.91623992233678 -4.08057199241128 -0.556987644971846
-4.42835745855842 -5.00721443373967 0.0090320258266593
-5.04270873387251 -6.23774333414334 0.410744143690259
-6.02360800902187 -6.74227448500863 -0.158013906452579
-7.24249438415804 -7.20348485124924 -0.545433081213995
-8.38591232557188 -7.23193236841121 -0.847612280459641
-9.46834667464925 -6.88899249042143 -1.26672639909155
-10.1021093244266 -5.63992568543219 -1.29719064961325
-10.1872510341376 -4.52710130978665 -1.27482153161174
-10.8542148215352 -3.38808359578588 -0.970700673302015
-11.320895814511 -2.25911419179582 -0.4799622176245
-11.1487249829889 -0.869640926760877 0.0740223217576728
-10.3269331954564 0.0859281023330752 0.270777834355072
-9.26540114223767 0.345228165100837 -0.214764258316462
-8.1105276725598 0.885505149104858 -0.404419207475842
-7.09150655439619 0.967082141445218 -0.648552175776595
-6.06044072946628 0.665754298990074 0.0909320342398071
-5.17927728883489 0.0497159043065856 0.525763819812816
-4.18036282234454 -0.573288439718613 0.873121806580722
-3.03019863845033 -1.01317724514548 1.10977063839285
-1.67890476998258 -1.45846556881655 1.27010354647079
-0.711025894058774 -2.27918455982666 1.12739316612218
0.462535269614605 -2.55830456169268 1.06760971119813
0.926656484907888 -3.87881357010564 0.928501161433417
0.666587933648155 -5.09957182214958 0.414877981416111
-0.156170509797272 -5.676555255938 -0.176454682553896
-1.22681863096827 -5.61481075482665 -0.887911246176232
-1.97678800459353 -6.01334657459684 -1.84865507176943
-2.78178539133068 -6.62651726940076 -2.78619122288511
-4.18269646418583 -6.73843892209937 -3.42465068365612
-5.16211753948209 -5.88785685346227 -3.71634485023164
-5.97088285897529 -5.36717491238345 -3.13175983161278
-6.27014121408438 -4.3562871421297 -2.44011772935987
-7.00583496095073 -3.56166777892114 -1.39328867445058
-6.90157060051948 -3.53574808604235 -0.22486583113948
-7.39015094276698 -3.1369519068859 1.24371279134006
-7.44409873746647 -2.10225210069869 2.03892493746839
