-5.08288214660919 -3.30536778169911 5.5826309597593
-4.05933959491412 -2.72193158522522 4.60494282887591
-3.69306590439162 -2.22732635631823 3.48218765155205
-3.99052862634195 -2.1074715029245 2.38554522079248
-4.36436640684699 -1.93105740145828 1.10327446928666
-4.09634082316053 -1.98175322977254 -0.0988464588933446
-3.44466986015676 -1.88301118928057 -1.13571088888037
-3.48121019311462 -1.68236897023759 -2.25738901227564
-3.59987213598831 -1.10684868317693 -3.26208947951296
-3.61999941450102 -0.716813873660238 -4.38994776404195
-2.85303488095555 -0.627538654798433 -5.33410943071606
-2.55642213881726 -0.295558897407794 -6.69885670242596
-1.6639287236787 0.684855388717277 -7.07192644030803
-1.05304122486214 1.66416683711852 -7.06587105527261
-0.95051051033944 2.74907841368614 -6.92306287868666
-1.6054616409784 3.4719218557337 -6.90083592120041
-2.14137586941852 4.0363669507512 -6.3998789981901
-2.86548200508394 5.13929246441448 -5.93010788499668
-3.42540695463158 5.81734602003255 -6.30493835769829
-3.7200951860225 7.00440783637606 -7.10411934497847
-2.98490891127044 7.36776408239352 -7.93297691417007
-2.48339648273197 8.33791863786177 -7.8508042287316
-2.30826273018582 9.1053193267485 -8.61089075302537
-2.4059601634009 9.47096264527042 -9.72731616991488
-1.40307233719236 9.93606149576206 -10.2874819107527
-0.93563040168155 10.6801382658073 -10.7113282282095
0.025818493461584 11.5845812203866 -9.99974483652955
0.267907084801063 12.5562940388105 -9.60480200822594
1.020853381481 12.8838984778191 -8.47546994925071
0.746946015503627 13.2537048718416 -7.39313805005579
0.644729964124182 13.8749393932576 -6.78084108163645
-0.310208366894552 14.5926869679614 -6.1319107708528
-0.292075697630502 14.7671203852207 -4.83308235819679
-0.0929774528573994 14.8284056862485 -3.73791164621962
0.698813959783986 14.6350821337703 -2.8126160057496
1.11548973221669 14.3754537377479 -1.83208869347664
1.01721979834956 14.5903236698132 -0.694473695471677
0.418876528732999 14.8865451472808 0.211951357985102
0.598538079304903 15.0539431163533 1.20284790660137
0.400833440991865 15.5863554892462 2.49091784261324
-0.0921757525354945 15.0768893144993 3.60989174562243
-0.0154432735542414 14.1618678819878 4.42444390275068
-0.462730827916113 13.2798115432878 4.88614898375694
-1.10910242536674 12.3193894333994 4.9216537844519
-2.23135459221055 11.6557159682676 4.65611384242731
-3.20448760367809 11.8734333877846 4.18567087711453
-3.88987080971697 12.1371410656269 3.60597963416449
-5.00272181999729 12.1799514588753 2.86622558711572
-6.06877802885191 11.844536385771 3.39509126830663
-6.72920624970016 10.9815733171478 3.82365519976735
-7.63586897235496 10.3935788979642 4.25121252502604
-7.91337148989352 9.82896154876286 5.09338012665828
-7.89258102731117 8.38729670109508 5.7342401558838
-7.10590296422284 7.59184963459919 6.13720697047857
-6.43474927135389 6.82130183201814 6.93546372407655
-6.0369787105054 6.15351703157097 7.91412922401592
-5.42171877387192 4.88422682852162 7.76632014914499
-5.02922010058573 4.18125081030709 6.77313215394602
-5.44252752819827 3.08934459283439 6.73726593389089
-6.09539339250236 1.92887260051865 6.32006158930089
-6.25168262384501 0.998086149694451 5.58996107295881
-6.30723459753506 0.391602057317725 4.65241891979486
-7.01624109653048 -0.0110320590895676 3.7460279741577
-7.63977708414466 -0.86033845625654 3.06284397023008
-7.7057975376585 -1.78689014946674 2.5854156956323
-8.01142012904793 -3.15413364903005 2.3147651080537
-7.9421831152192 -4.24148929807503 2.43070186903312
-7.3729853316661 -5.18334300857895 2.557265196346
-6.75183036352464 -5.97245785896696 2.8768078647363
-6.44072844999044 -6.94736731372223 3.13323676960123
-6.08518610467999 -7.71527579105736 3.52801891204373
-5.01409361199309 -8.3136187094707 3.13429603398098
-3.92996510649243 -8.69065015655349 2.86315753130684
-3.07368098582678 -8.659369027852 2.01429555225473
-2.22407242970132 -8.32730658657237 0.980993237829814
-0.824884541942496 -8.13263416346587 0.940565919485825
0.113299519833443 -7.27668347793462 0.971648781589407
0.470992156722274 -6.51039401357034 1.07509842031079
0.407798253262087 -5.22021506962315 1.42543311091513
0.162956945443842 -4.13361814270134 1.9188794574843
0.165213236738539 -3.0539976059895 2.73610633444617
0.514971612264494 -1.89615342624284 2.92993078304257
0.17592057632592 -0.867850375238518 3.07005550143735
-0.522501171593623 0.334074701014387 2.8051305598339
-1.49813770838428 1.09565771613289 2.82337019343024
-2.39571783665055 1.66634029301355 2.35464782002063
-3.47722134213367 2.4255691694807 2.08891511205845
-3.91036926059566 3.50259732569861 2.79202296540445
-4.89082087756574 3.43214965756409 3.67691606424941
-5.98390161880252 3.69001051845692 4.18183231678205
-7.10964487211188 3.34708170067403 4.50617874727819
-8.36072474189345 2.95914442310124 5.33120248895742
-9.38373036661427 2.77130965812139 5.8707810613164
-9.70224301812821 1.6732663220938 6.45160034178961
-9.87860369701273 0.635531279099439 7.04736723001184
-9.3622467543346 -0.565856776945627 7.19089091659909
-8.88715794397792 -1.91149729207065 7.25766974516211
-7.62046190988702 -2.48017690768046 7.04884019840188
-6.83807726066517 -3.28193462261794 6.80114037477985
-5.66830675832621 -3.39922529123365 6.32022293963218
