-7.11067079063652 -0.217091712933376 0.421626493432868
-7.2302882287395 0.545681687019038 0.985922779811123
-6.76155870105788 1.53717229136416 1.89505749095064
-6.20745785467977 1.12505723360522 3.2417805264076
-6.57996261550944 2.23646733869572 3.82767480155096
-5.99272343381508 3.47439268579714 3.97542905201566
-4.62675732269892 3.88895417540086 3.95469174741156
-3.32649061329999 3.51014860919467 3.75824223413648
-2.18179828368233 3.69295762956429 3.41299101532217
-0.974822886389948 3.10485404388437 3.1289683571388
-0.306189657029619 3.41713863923359 2.14142828833403
0.341132757843687 4.01821264871933 0.521705836149597
0.555912137409394 4.80793317942547 -0.65925128193278
0.048451732431303 6.22385087990382 -0.866664771868509
-0.743793388589891 7.76356916947742 -0.377872390795339
-0.808539773727805 8.82712483676602 0.0597584971640467
-1.04365809047553 9.61660040045171 1.18520147488851
-1.13972612472575 10.0847622101778 1.23700697968444
-1.89899421819218 11.0748149033767 1.55173480394619
-2.70651454256169 12.2192951943271 0.738918582467115
-3.08534024910525 13.8487961998841 0.945130657898552
-2.61352087657449 15.0416793562288 1.91038590302771
-2.20981913494747 16.3620649764154 2.98331054035106
-0.769994689863728 16.5960065759604 3.06761920181391
0.70622008898352 16.3261156330412 2.37543912699349
1.77471950616524 14.9127068186313 2.16013612695933
2.14791608977726 13.6849342657168 0.930678420832595
2.13080292498374 13.334949690616 -0.324278944272126
2.15158630537571 12.5245169863839 -0.877382985517832
0.860317935222371 11.8261665582184 -1.50207676104374
0.509656250288174 12.4954243943924 -1.07855444451628
-0.0226236749280717 12.6207893128853 -0.436121507429519
-0.63923457636902 13.2054863629877 0.822392317361629
-1.55275387330343 13.1836080232363 2.21515056922316
-3.3667275806241 12.861400443289 2.58930801337212
-4.4957941941994 12.1399655468226 1.9267592963798
-4.87531162959265 10.9443848641987 0.751365791142645
-4.3835092377663 10.1100218888833 -0.549909414909793
-4.18098473471798 9.14539054611151 -1.83212724764678
-2.82980735208555 9.50335506922167 -2.7092408708203
-2.03672104623522 9.22620243810999 -3.98029103241986
-1.19888564775094 8.94637584391473 -4.8898183773301
-0.884846214355282 8.30670549428938 -6.04364849009444
0.41353856243866 8.30823700048932 -5.0035318997759
1.89721732903938 8.17403711356592 -4.78457170673821
2.32200870292664 8.26249777953867 -4.47120816567223
2.9785186981791 8.77943751085594 -3.27905670800264
2.29842159775318 8.25209326607976 -2.07232109062121
1.6487812592415 7.79401518845947 -0.957478802183072
1.05774384824469 6.97962614729051 0.40273439890623
-0.227653794248492 6.16781198237677 1.10764223095066
-1.51368229910219 5.70984186520863 0.68295849610924
-2.17724265697202 4.62167335101268 0.523284931724055
-2.11559051305576 3.84964915175572 -0.29001305985633
-1.38433967724709 3.19554295467959 -1.28638292377732
-1.36406297126852 2.1481868316796 -2.13082335026376
-1.0595056967285 1.03128243011739 -3.32431772521318
-2.21463549797213 0.243841953239003 -3.33793685962967
-2.54220024745952 -0.612836257285904 -2.98945093377217
-3.58639156008129 -1.10668851589152 -2.21254741088517
-4.49068831719031 -1.78256258012751 -1.82155921692755
-4.60092299095534 -2.34539055321036 -0.319423174808895
-4.64925810210732 -3.11897831472297 0.676713319142183
-4.55212565008446 -4.06395841646255 1.2645516455216
-5.60828859694343 -4.56243206112628 0.958631911739598
-6.77187334215902 -4.57472371685866 1.12645812081151
-8.16127095357152 -4.36760700556158 0.932633113894486
-8.95708750390322 -3.968046568435 1.38109225260234
-9.95729456140989 -3.2835914048512 1.21388089197669
-10.5564378825397 -2.96615319622996 0.298233901108013
-10.9511532623161 -2.69744218790667 -0.675284930145694
-11.285705345749 -2.60079591972822 -1.71068366207512
-11.1481851002395 -2.3653005546272 -2.75551423981856
-10.3833098701281 -1.96439882923113 -3.45377706707692
-9.42008666356809 -1.34218025823703 -3.53907742984011
-8.8070048944084 -0.241948842118934 -2.59533088890239
-7.99018030608924 0.760344009709475 -2.21164832189864
-6.9027427156326 1.55418057421768 -2.09631523911211
-5.95653059157639 1.89260480408201 -1.46523834689765
-4.79198096262639 1.36464224218991 -0.597525091690846
-4.08784107333181 0.620344523729809 -0.0573575446493348
-3.40895492870971 0.02161535933743 0.742039380435627
-2.44354709406511 -1.02038526061702 1.39879776919195
-1.28084058315645 -1.33136491753804 2.01520704099417
-0.516973726147369 -1.91994499941964 2.89280071662995
0.123623720326423 -3.08586110098131 3.43360740895809
1.14084801162782 -3.80609646104082 3.01804703464222
1.34776700334177 -4.26978988919617 1.80383419331698
0.789835329079166 -4.20571471625924 0.939220331675941
0.870450543694419 -3.28656243199898 -0.0272124526216219
1.11205076691615 -2.47578075335874 -0.87926470685599
0.961559191573666 -1.80227323352207 -1.84834704866972
0.803790901961051 -2.35141709107332 -2.98897883490347
-0.263226432522409 -3.2312239906664 -2.86257235464806
-1.32039194560797 -4.14878194852223 -2.286854144441
-2.45936827437163 -4.46431354513283 -1.73083850135237
-4.21628277594539 -4.15566437870858 -1.80699295580814
-5.57168070305688 -3.40152633673337 -1.4707183924663
-6.64384398474222 -2.03579045396907 -1.32616410544047
-7.07524523008728 -1.06976576936231 -0.88758334889592
