-5.6301117511259 -1.22528429375418 3.52547035246522
-5.09011001403705 -0.749102065274016 4.29800332482182
-4.51144897396625 0.513928896523232 4.42681300643895
-4.2648566967155 1.66797281564293 3.94021782965335
-3.4196798325129 2.52585515572251 4.13247437018471
-2.53246345346461 3.41482658404951 3.90845327282754
-1.32976794685988 3.39252768982903 3.29979808273118
-0.908701548201074 2.76200032158734 2.27320281603074
-0.108940008284484 2.191431217458 1.71687211669737
1.15704157915583 2.04122823408688 1.36709245904878
2.02282209864955 2.04680453789843 0.629435041423529
2.29978989358422 2.80908562120232 -0.263911115381205
2.01504719203587 3.54551792138437 -1.21652404204011
2.18335236814421 4.5065991111414 -1.91094218604208
1.739040389785 5.41994193501401 -2.35165827699744
0.761992327375398 5.8691273222428 -2.67031278075595
0.217262174972681 6.72247992504053 -1.69047981724471
0.108569411547114 7.55380294027149 -0.841018273080638
-0.351273689309226 8.69904853037837 -0.00389902789470453
-0.191065554582409 9.51360490578307 0.39453556158099
0.405774310010877 10.4036510555228 0.765905569486376
1.43922180172642 11.0923575031144 0.89123681062185
2.29519586330491 11.6640155369543 0.708242196043274
2.25076044788033 12.8231229748936 0.418436081968977
2.383185623145 13.7497826726403 0.0507423218845307
1.6311272721789 14.8480932361244 0.0232100452989632
0.891173405452079 15.3340724840357 0.960906599152337
-0.245353293879249 15.5982879947569 0.828990916429233
-1.41009273829526 15.6708508232691 1.12269052724985
-2.31657612061434 16.6916392208779 0.714562566784691
-3.24030714738647 15.8682849746034 0.139689832145123
-3.97001269570394 15.1817591663553 0.00174542767580765
-4.89446505989582 14.4474125144841 0.227181231775415
-5.21745452643174 13.60185188401 0.376870309565669
-5.5079927358271 12.6499988309193 0.289244332964713
-5.51876210238507 12.0232748657988 -0.569137900146539
-5.22959665022124 11.5473255007265 -1.84004194583971
-4.56224727712442 11.3953663939129 -2.63288024038965
-3.75077343955543 11.0762036427108 -3.16678282084313
-2.64576732186104 10.6227422652986 -3.3336782493583
-1.73921092859629 10.5645417243333 -3.54812346624074
-0.650820357032191 9.8642850796744 -4.12452170755061
0.573841412181715 9.59481589809593 -4.14159407648941
1.69268306714264 9.40265736875232 -3.3119856686379
2.28693888827391 9.13543634094957 -2.34752726945384
3.30013236599348 9.07508214774039 -1.42781833445421
3.14125735796958 7.96228394798939 -0.294692580821074
3.20557185927846 7.1693812064765 0.676103285375335
2.77726805929589 6.84457929063732 1.8988202705237
1.71945872407313 6.39088200189505 2.02657275832213
0.518934302491102 6.22423537647494 2.21026513031642
-0.514995279714782 6.18934158064327 1.57151114552774
-1.59516172687458 5.9816872809506 0.62371923729836
-2.45126734798542 6.07344204810891 -0.42388460318855
-2.78769783011525 5.40015250509416 -1.39016498709759
-3.38628258229668 4.8363535265399 -2.10626252959242
-3.51815169815604 4.42756829713111 -3.23914363494613
-3.68824538542351 3.47536132178592 -3.88494589613119
-3.69738621063481 2.17693575051672 -3.7103071769469
-3.54940810926565 1.28966671667704 -4.29019283584442
-3.11140622239278 0.319754248139693 -4.13504474456543
-3.09644485689469 -1.01458896073113 -3.62876074867639
-3.11914095976472 -1.76206997282238 -2.78406930252314
-3.58398220616771 -3.17079015288897 -2.23515783714281
-3.74036773326104 -4.2803194254341 -1.28495242492688
-4.42503647928316 -5.25731106179212 -0.695482397367643
-5.47544158539636 -5.68653254526068 0.0363948061486734
-6.16710292074255 -6.40359226350344 1.23673797135248
-7.13258236874285 -6.89533672319271 1.40181009041291
-8.42726675246928 -6.52900861745626 1.6517297249128
-9.49832187103973 -6.33010627994499 1.88599126991036
-10.4624205395204 -5.83931056961441 1.84566459294257
-10.8593395341646 -4.75238436862705 1.37053872368093
-11.5319537634394 -3.5431247063289 1.32933450503864
-11.3586948671947 -2.43356222061921 1.15226611434972
-11.3544101702684 -1.25253705005806 0.888690559967892
-10.3225102732496 -0.438257892706225 0.246022129221846
-9.30776682288809 0.387299003803126 -0.00996939421370147
-8.34553290840987 0.955215856860202 -0.264703931275856
-7.25416219857701 1.36819949874731 -0.07940250616887
-5.87291254114561 1.22496504322347 0.261821585358538
-4.45664943381938 0.508517514499577 0.160272871058239
-3.59666123312552 -0.389858785356029 -0.101119415125307
-2.75523897755793 -1.31788827567603 -0.314619427639561
-1.62740934623154 -2.1587973637585 -0.730623093414983
-0.613482878903595 -2.87496664914705 -1.13761235788302
-0.400638888970904 -3.72134669782942 -1.93734603261212
-0.853889009950674 -4.31710169100906 -2.99756312588027
-1.67311082344887 -4.99416226793007 -3.99533961724021
-2.5715708123863 -5.44859690972189 -4.07079000881016
-3.60392665334892 -5.87151085919714 -4.12262925685291
-4.87204497428157 -5.64788116584172 -4.43553927699448
-5.97094800452048 -4.79599227615888 -4.5810028423101
-6.6827586248709 -4.23988201231805 -3.9539265345552
-7.01533544442601 -3.64581709764083 -3.0892205585299
-7.0218040165538 -3.65015026306114 -1.71467406355203
-6.7481332882869 -3.27844540617806 -0.738095612118492
-6.26024812029644 -2.71665174269706 0.204728007599394
-6.05333501990385 -2.19254007133677 1.23005955539289
-6.10522903753683 -2.11442094938644 2.51149007196646
