-5.08627092698678 -1.19088011591251 3.13434717327261
-5.05619259965801 -0.396264914962904 3.63067126425882
-4.38472904034432 0.551037507204529 4.40793602188138
-3.82035223402885 0.619828311516303 5.39735988820833
-2.8805815493072 1.39886851197348 5.12318152959043
-2.03127663191261 1.62415637361434 4.19047198598457
-1.05363246970579 1.64672944221615 3.66700765231248
0.0604329467473918 1.75975310924453 3.10846047436977
1.11252421328062 2.48184171414108 2.93131004586355
1.77276452624218 2.89637524868534 1.89470776011744
2.77750593026014 2.65687951543271 1.16573617493808
3.30877986875999 2.76778944874666 -0.0833980148614228
2.70047063641112 2.77795033180635 -1.21997885334203
2.17193536476893 3.6509416514095 -1.8056885383672
2.08374041400421 4.60405994282411 -2.04926143680502
1.11347204666447 5.58081241911919 -2.27995872453646
0.324155802866119 6.72622560356037 -2.04909110482745
0.0624506198247218 7.5176541456439 -1.48451973219087
-0.404149129487096 8.42582525332837 -1.01979705831971
0.052469668204132 9.16594187833392 0.240949955751556
0.270629503627932 9.41627866130212 1.23430060510268
0.730164188000988 10.1046581498414 1.92986628128564
1.44823880870185 11.1405721580731 2.32456711672351
2.13260579291958 12.1451004550439 2.23532702118905
1.84308132592621 13.6343269282661 1.8386379977839
1.03478997568052 14.0681496635357 0.794066838955269
0.233270008189064 14.5900665262194 0.131517193192035
-0.408489850177479 15.5971162454077 -0.43109051281832
-1.60606982634007 15.605411369834 -0.663310739764788
-2.79278510998636 15.6810541674482 -0.717399171695588
-3.91376893516644 15.8894738290954 -0.597709076012524
-5.27722170602796 16.1201868364227 -1.12572699190887
-6.21047134740965 14.8317400369242 -0.607319008079078
-5.78073948219701 13.6693674704754 -0.548207139450767
-5.59396977105387 12.7751477731743 -0.151528817012652
-4.6606191391722 12.0321986627051 -0.591292676920362
-3.75777879683842 11.9036785785753 -1.19730111125415
-3.6701480965159 11.3236006314669 -2.57844075712336
-2.90534784980765 11.7952082320439 -3.39055947757846
-2.07680453262425 11.6543668646194 -4.3931352278043
-0.728239036460819 11.0547364404597 -4.57171801155917
0.300426524866872 11.3145882306963 -4.07913044312786
1.39982707573024 11.0784413812881 -3.37719361126201
2.31288805559165 10.5155298585673 -3.19586445692303
2.86824841109607 9.56013204781297 -2.50389076987429
3.63727055686822 9.1661740545593 -1.40794655965073
3.09949323958407 8.54575530538587 -0.450995210089087
3.12450298747069 8.21820594776919 0.499260827361887
2.50260522911432 7.76348694002272 1.52571213571376
1.57580495761276 6.95216587809874 1.27989153713123
0.696887310812522 6.18366374473006 1.82561762289686
-0.525888489279796 5.77921543746114 1.62218117410405
-1.37386321972383 5.22743260575073 1.07842715307254
-2.15487094960906 5.28429848102012 0.211868936852729
-2.69585853163698 5.0837807263893 -0.786017508968659
-3.06309676412203 4.72723112367397 -1.74876295201528
-3.20556645943051 4.26610624521982 -3.00089308716433
-3.40210434877693 3.35764133006861 -3.71773869625264
-3.86767199603295 2.28510800779847 -3.88268098833396
-4.30126835478798 1.03330280735999 -4.15291864841484
-4.30712608067662 -0.257896115400565 -4.03747632608389
-4.35864423195381 -1.17083646086108 -3.95010237897499
-4.64354983767692 -2.29259424003697 -3.04015294318055
-4.90282102439775 -3.30266897885497 -2.34689438654822
-4.46639038668277 -4.0311678070714 -1.71651815498717
-4.76271969704845 -5.20326983383495 -1.10687520556327
-5.49477379896571 -5.71996897526915 -0.279938286640018
-5.8778250051711 -5.87850137548726 0.831917002123549
-6.53633838089717 -6.50188500945619 1.3478077187624
-7.32891696898499 -5.98322227306105 2.40977971544348
-8.28575445936263 -5.62594794023235 2.83828029798629
-9.48946613168195 -5.32026203855711 2.86866120792344
-10.1642043617724 -4.45131381698163 2.14555567179089
-10.8417307579347 -3.73607769447549 1.20985302202923
-10.5937758592622 -2.8847500223318 0.603850007271933
-10.7046605520728 -1.62384944025036 0.353033429625888
-10.0064452750143 -0.689376854806876 0.558503405624475
-9.34263454047265 -0.00296524909389043 0.983054723140835
-8.10895615400861 0.0598550036846748 1.25617032072153
-6.96251198408387 -0.0319842796315605 0.608095992443532
-5.99100046126333 0.0581801014648709 0.307595835837064
-4.84506110228699 -0.0903494143919753 -0.123363142316675
-3.58450861864465 -0.0220966784409232 0.0243168329348937
-2.39802305257634 -0.352825114764693 -0.72227814403831
-1.91613157624742 -1.19352024556252 -1.28996276170769
-1.52617858482422 -1.96447702880253 -2.1178746775358
-1.6028487141406 -2.88180774007658 -2.94013653015554
-1.70470416542108 -4.19447179050264 -3.40514042484098
-2.58327761176027 -4.79529337478238 -4.42942440958191
-3.40854875849941 -4.81978490293745 -4.95449110876598
-4.50232035785877 -4.85218223875294 -5.43183079140532
-5.71836215457142 -5.20889322821859 -5.14746408530767
-6.91088799055171 -4.75768469533432 -4.66699311137322
-7.63909146074722 -4.46821946309663 -3.74573736704577
-8.1907315570688 -3.52627982341766 -3.0479674586475
-7.96083004284975 -3.03997379411692 -1.94693114568096
-7.6350244026813 -2.75796655016291 -0.921087594584991
-7.22029805888733 -2.69492115014801 0.373421160759341
-6.42113289772424 -2.1863403537151 1.29640433498619
-5.84355162495856 -2.08591135847738 2.4100289750369
