-7.07737306518505 -0.35371117701447 0.129262697887906
-6.76358215518398 0.353742239608866 1.09468088786334
-6.28273980733342 0.802143430984489 2.36924113119124
-5.74421661822864 0.960522284164924 3.0141004978602
-5.90609757998576 1.51929005264311 3.85376057087319
-6.01360304433945 2.55031418417015 4.32002881474442
-5.08657798037632 3.12771964732216 4.39468749405075
-3.88037411494679 3.47363729116988 4.58043559068531
-2.69340027158035 3.18220453580961 3.89915490834737
-1.54600979662983 3.81431567923264 3.02987243441909
-0.479631110969861 4.20456348851802 2.16199472957717
0.408676403555026 4.07876175848703 1.27451339754767
0.578117524853487 4.89234416371599 0.0306341586692111
0.266340914384453 5.80951934261582 -1.45569400712846
-0.443623984657998 7.33186523799621 -1.21211512837613
-1.16718954785031 8.48921653949507 0.51090848940797
-0.483236065709115 10.1583531733455 1.77573386974394
-1.1242445894859 11.045216312047 0.982109366493832
-2.19061517445157 11.3235580416721 0.646190751120192
-2.34100745409493 12.629494548384 0.225950387675654
-2.3417625216038 14.2349285858767 0.995506971456978
-2.5747427202291 15.6253582331791 1.75652492733759
-2.29357322529553 16.793309712753 2.84057244723992
-0.844780261825592 16.9641667970163 2.44745627099756
0.209349050584438 16.4684940835042 1.60648568431012
1.22867208662299 15.4542684083806 1.53028023057122
1.75520068512156 14.4120051794737 1.43399897305605
2.57584444805011 13.2783448621999 0.543408602573552
2.30009008841638 12.1875809149849 -0.723412585955081
0.727949667743742 12.2149994078679 -0.647214194798831
0.925804122463854 13.2204302035678 -0.573181771937536
-0.445294708133581 12.8912144528898 0.389002805877892
-1.05943187747171 12.6146247455683 1.43465484108007
-2.17990832834568 12.5662292485218 2.21373319872996
-3.32708522106219 12.2613932886402 2.04725516477382
-4.24591963896364 12.1642117986115 0.979126070118377
-4.38176898622844 11.2577138251634 -0.00164959167762582
-4.22554235669647 10.3416577152308 -1.06188018880119
-3.43193419763711 9.66110806526408 -2.2450546704557
-3.03032517516444 9.12901367036678 -3.57085640711456
-2.75117270514894 8.69170657478029 -4.35630880938995
-2.11127104326545 8.96192534394358 -5.28341388589946
-0.941412344064068 8.83074599566571 -5.64598797853001
-0.17186837497316 7.97580939633173 -5.68097188101097
1.03754814455035 8.40368400396475 -5.23247068197924
2.87032181010815 8.8420313547562 -5.06546233987435
2.78564361101252 8.01081360335847 -3.57437316333285
2.87129739191798 7.79248678292365 -2.36479862077344
2.2884696427627 7.56840528113597 -0.982528215109179
1.42868063705203 7.39179539825646 0.375287501820748
0.0867731264367604 6.81360260404908 0.418867370209004
-1.18347984096208 5.92413789718843 0.7427486398198
-2.17178703083761 5.15976959447049 0.0873299329097545
-2.36826116614583 4.06580840120965 -0.745149573065845
-2.14495421085554 2.81765600687613 -1.20956556808378
-1.7667574255188 1.67185853564865 -1.49911860352493
-1.36883296438653 1.19860037245907 -2.48824627985117
-1.40135275067569 0.0732631776716472 -3.3319569507091
-2.83190283873865 -0.582205963348268 -3.47335723642689
-3.98226864853436 -1.46595267015084 -2.54169416212094
-4.07014435521053 -1.61686733940194 -1.15750296769529
-4.421708499994 -2.11630294942191 0.25846173932497
-4.70643665838237 -3.02754340846678 1.04572286458653
-5.23660775301678 -4.19061922836563 1.36568277216634
-5.92099644806877 -5.19928113967916 1.63770119214305
-7.09772320074604 -5.21043460848553 1.50557083183839
-8.52131319387548 -4.74840774647765 1.52819014391244
-9.56952306109734 -4.43256929462437 0.971935843110516
-10.5943353582417 -3.44350452875377 0.671774857311071
-11.3103697597404 -2.64433074548765 0.126497979097368
-11.5480605996745 -2.56878407164309 -0.924547903667342
-11.7752775333721 -2.47603203524115 -2.16389410866628
-11.3907509622231 -2.18350061635581 -3.27184442541227
-10.2978497050818 -1.87807929558549 -3.46258478300549
-9.08889046006231 -1.6151837346235 -2.63825750321918
-8.4843922387905 -1.04944791955434 -2.73108380665551
-7.85884811461779 0.333730169909628 -2.99880538412173
-6.51673610823339 0.899533874220922 -2.57011217758234
-5.72390893477724 1.27606317255033 -1.94229993331019
-4.68120443410339 1.35945594050032 -0.709520596305506
-4.00293218767063 0.69081057487251 0.119758198224879
-3.25097023655358 -0.08511293323917 0.712493548632053
-2.23789616106535 -1.11060075110741 0.978610380420595
-1.64133302974384 -2.01381480057304 1.43925528899888
-1.02140305507279 -2.60096733871032 2.39623799626497
-0.0150090556452408 -3.09515025650288 2.46195200290379
0.399786597056433 -4.36277032491188 2.67389465973294
0.909175263293628 -5.15984946629522 1.90247896689255
1.41027936075013 -4.34902300938981 0.627791320022914
1.59619580792929 -3.21114211584291 -0.0726870168698892
1.51347948259573 -2.13427257947536 -0.449701461703025
1.17143993802552 -1.89194733892639 -1.54687399191179
0.280532993702199 -2.14066721423044 -2.43496297685678
-0.93557864539194 -2.90944071838686 -2.46273975694152
-2.0385059332605 -3.56105611653009 -2.39479492530278
-3.33652328988579 -4.26445072146263 -1.9616796786215
-4.76676559379151 -3.87241351774229 -1.6332446111377
-6.30076941151482 -3.05253223776106 -1.68977951346378
-7.2991462445858 -2.39856628910015 -1.63542873262747
-7.17371561330947 -1.18950010384003 -0.668262677217962
