-6.8542812629318 -2.2342975554105 1.29460799575478
-6.59160747729897 -1.80329781348807 2.03830846983276
-5.54716391675207 -2.00454953416467 2.82743824039883
-5.27853744838772 -1.02364727146273 3.95603588160218
-5.15276139023221 0.287485799696017 4.93394771112337
-4.28266016487382 1.08800080134526 5.93655643625985
-3.92573869426218 2.14810608912253 5.2041189310414
-3.80909309408622 3.41554673643486 5.19955201478028
-3.56139102226513 4.05544835038066 4.83557799200635
-2.86865005012269 4.48286723489367 3.46798574750316
-1.81858309302819 4.50145647309526 2.48296862775335
-1.18902290344424 4.80597910011013 1.34370599518846
-0.545610872940907 5.14681111665046 0.182422717292929
-0.0874377741988109 6.43156716940311 -0.799075842390087
0.759485285286085 7.90125781260804 -0.830188038036731
0.465149703267836 9.46664410208366 -0.813170039392989
-0.870150012599457 9.77614825361032 -0.72562768484948
-1.41152689480004 11.3846676904067 -0.53712589505045
-0.710539693823149 12.4314382731347 -0.421396187033176
-2.27266696026987 13.3718797560588 -0.576380939763478
-2.8689314148061 14.2879379617978 -0.377406937288322
-2.97249144759797 15.3147966442004 0.0218363546906902
-1.8744080000167 15.6136331517112 0.327393432876851
-0.561930673307624 16.118296264372 0.143320409928154
0.488917122017211 17.3713294896478 -0.0703799851774985
1.47614401303319 17.0422516091538 0.118448490048766
2.38038633392748 15.9082385075817 0.962300451201127
2.79188913006281 15.2322046671286 1.76249900084783
2.38153430064205 13.7921403135273 1.6220545077336
1.36075444308672 13.9314054528877 0.908293851776822
0.347078731204866 13.7005933088587 1.82594621218757
-0.665805364141706 13.7207670820184 2.94865697047006
-1.80372352362499 13.4788815906118 1.95629233070572
-2.78177041636203 12.6219102510008 1.47764517288501
-3.51751783878288 11.6643086482982 0.622309516785457
-3.43481027723901 10.6566896832509 -0.219293587368315
-3.1690884372268 10.8356224321908 -1.72239633203486
-2.33298578359362 11.6245629703683 -2.6890155394528
-2.07652283254092 11.2740424574166 -4.22307944132389
-2.6760934914315 10.294494340075 -4.32533440230314
-2.66537107869875 8.94577578549813 -4.41613150042924
-2.10811291946171 8.62192045156705 -5.64669455458921
-1.62057017356688 9.22751315513421 -6.00886230419523
-0.649257573206964 9.23031435961441 -6.37559518429679
0.38704708067308 8.86107571395116 -5.58508311973322
0.296246090885083 7.98340780283533 -4.96704559617226
1.16705765588342 8.1788648540693 -4.10163727146369
2.00344614894551 7.98188790892417 -2.97367054033331
2.21511906864882 7.31588012904709 -1.72746036658083
1.98012750822792 6.343345583256 -0.444177154290251
1.40617732455075 6.67977306156175 0.424567910450673
0.30907803285592 6.51842198224435 1.34876945072984
-1.4118682525378 6.5140041729207 1.02331923153419
-2.19318021147502 5.78104131298137 -0.154792828591184
-2.4714742959025 4.8527697255432 -1.18499111363105
-2.37950907933634 3.7710729508696 -1.43605624174813
-2.7500194837661 2.72844325975027 -2.10383931047426
-2.39706863789575 1.10465745116052 -2.10064461725103
-2.67634173264443 -0.544061983590875 -1.58596160090167
-3.11701186230767 -1.95968208215827 -0.850025500949296
-3.54502078891259 -2.93907803807418 -0.00555967894219352
-4.51330782798692 -4.05752654373936 0.715015997171345
-5.38931919058693 -4.75607228463575 1.57629940917007
-6.28495591748734 -4.86056783818116 1.77988509892757
-7.49898299629028 -4.96998272205105 2.08398530196514
-8.82843135732445 -4.92259181424796 2.1637098407457
-9.75063297776268 -5.36683487100789 2.15509083186203
-10.5397118063908 -5.67935833695797 1.37103860166019
-11.3178884038662 -5.44639703621516 0.416275918306665
-12.1573313343928 -5.1983008427198 -0.458900097941218
-12.1245470392851 -4.07396757660615 -0.943222833647089
-11.3479540476499 -3.0763894555293 -0.923181494503256
-10.5377036856722 -1.99186002725537 -1.02252111427041
-10.0551289699918 -1.23799411281875 -2.26859794225388
-9.25950431712986 -1.74510429929266 -3.07855758860333
-7.97281436983443 -1.4933769342449 -3.67950662599628
-6.66382663436525 -1.37180321983702 -3.02105609284746
-5.90844084242636 -0.821237553887407 -2.87638798866554
-5.83710972072688 0.373933679765083 -1.81058745653125
-5.41662648751518 0.209875448133819 -0.822194543628842
-4.94026826318672 0.346448976659328 0.509963222667554
-3.83629808849821 -0.303417217798608 1.27701720834517
-2.80889670377901 -0.564440802595338 1.21121951556353
-1.93294094324612 -1.58531053121858 1.3512797313463
-1.54109486668961 -2.88988258811416 1.96422730320509
-2.16647513321364 -4.31079310042418 1.1231864756277
-1.08911559299788 -5.09341714422428 0.865648588120385
0.145186286831359 -5.74945265322145 0.996958892755729
1.40996143284383 -5.83430404981191 0.847511583997408
1.88980946653795 -5.11753186531389 -0.285755799848574
1.00946024340083 -4.38656545923196 -0.984256071024037
0.100587886575938 -4.16394858029738 -1.17069308715751
-1.10263956085444 -4.26640542153083 -1.389674601129
-2.15679547418276 -3.9331056331616 -2.47349207488039
-3.35760465564911 -3.71325273013257 -3.30948268774115
-4.5886815057264 -3.66048663680832 -3.83401021821713
-5.55996717769169 -3.43168829740979 -2.63030693947155
-6.38905107678222 -3.99241892869565 -1.60643758632266
-6.89168511082504 -3.35402845263093 -1.049222926297
-7.10131113706077 -2.79051035554681 -0.00328967006441504
