-7.24481782694635 0.191576013425746 0.655263099599162
-7.25336951552007 1.29100819967068 1.62245958141983
-6.75168429892746 2.48349529780163 1.51947894726929
-7.40865528514132 2.74827141681296 1.15064824008707
-6.07088308445578 4.11711529701258 1.23447074689245
-5.12996751240901 3.58825022460353 1.37405895337805
-3.78159186607294 3.05996967870153 1.5198372716438
-2.01826185392931 2.97047685406132 1.40990152445979
-0.448616008596678 2.77254206247463 0.841506024759517
0.527866077678936 2.90049634041271 0.133075487573546
1.09153225736291 3.29274444716003 -0.670700189280749
0.996992503298822 3.98705653584307 -1.62106506379936
0.36418586853943 4.83643585637741 -1.82853784042989
-0.386501224257054 6.09063813707952 -1.96632141692542
-1.07714497047053 7.24210588408677 -1.12481714770091
-2.65650851153118 6.99070810868235 0.257207145370123
-2.37840755886762 8.42476794655727 -0.332951174069431
-3.00208814158845 9.81088955811278 -1.46487156263882
-3.18387147241253 11.0131187332511 -1.5373520567085
-3.66053637587537 12.3293276201829 -1.23739491402574
-3.4659911436612 13.0530026775925 0.0333171501071196
-2.87940745191794 13.0972966188386 1.1782916273512
-1.65453383074493 12.7798534664857 1.96682498148497
-0.130259085343845 12.621581836291 1.86413150715767
1.1846211314302 12.3429679225063 1.1866519831746
2.37952013443067 12.7712519070359 0.763385286057265
2.69388553762257 13.8617103811172 0.0694239346795675
2.02723529386145 14.4089356351217 -0.727457554463986
1.02851235885611 14.8758776179628 -1.19102298251862
0.243258596738226 13.9842947279363 -1.37465427118523
-0.2853408072722 12.1052800053751 -1.52154436154428
-0.251600887596463 11.6649390944364 -1.36402878519932
-0.670700653543348 10.8973097887768 -0.605045094680605
-0.603173341402315 10.0866745479224 0.574473472615591
-0.752174088904694 9.63655857042956 1.84636948800049
-1.01630564634861 9.4358520899308 3.09822916561495
-2.22820000329534 9.36677308862687 3.26670999703262
-3.38235165598786 9.27781839868288 2.80619852393001
-4.41976786178614 9.27079671494571 2.09248251067306
-4.83802340030307 9.09036497847963 0.78344106270414
-4.48185639247696 8.63033267479745 -0.690822651350208
-3.35872111986537 8.04126591888812 -2.00619420523577
-1.68313330461083 8.18167971289722 -2.65037658997715
0.0937701442705709 8.65046291901857 -2.78698513055759
1.1783810602003 7.65096958051166 -2.41882747161401
2.02501747048549 7.18100978689224 -1.33250728123137
2.71463941511798 6.780725361194 -0.200260412222926
2.82135530312413 6.37484284043105 1.11637931051473
2.0143035599874 6.05069431681755 2.15508905656239
0.914744071227592 5.92375622539161 2.90636716452415
-0.288773682534587 5.63835431693473 3.08078123769261
-1.10080472903635 5.35509900396818 2.36232487842079
-1.90897873950878 5.10190307529412 1.47329937166472
-2.46657137357664 4.67292241943654 0.454544232566178
-3.07291099190923 4.27105532223732 -0.738058961694184
-3.13000997384115 3.86986209200994 -1.79815977018297
-2.60415117603144 3.44420964282939 -3.26740766474514
-1.81113756418107 2.32310013395791 -3.15557415778195
-1.22670251711087 1.01529692628804 -3.0514214405725
-0.939995351845427 -0.167787363271854 -2.28737166193313
-1.26070980353264 -1.06835356465056 -1.45154076566812
-1.78177555307825 -1.83818370835757 -0.365004654336433
-2.47789951825415 -2.72050270557623 0.460265679289806
-2.94055282256941 -3.59031020329101 1.78291991316976
-4.0029298006931 -4.02177298902944 2.42259823160812
-4.98224564014914 -4.52726446223644 2.03592533888689
-6.08791727812921 -4.84673037345492 1.51876861110682
-7.18110885942706 -4.69417295787958 0.721009522622797
-8.29638935667225 -4.13147233122172 0.123021340296327
-9.28715892884321 -3.26663362483335 -0.426807978959404
-9.92982925969076 -2.35141289462871 -1.00918617474232
-10.4359577129504 -1.16959977961038 -1.59378219736992
-10.5595901847455 0.142890657057478 -1.90565796882526
-10.2750745584034 1.58050469284603 -2.1353174410517
-9.3349690612523 2.61415464630844 -2.39391757394021
-8.11896737124744 2.60334268661614 -2.40343540544958
-7.01475070800027 2.3881063604185 -2.45264869040497
-5.53750392776284 2.69220990862092 -2.48479255649366
-4.62905290101527 2.22825109741086 -1.46998978703713
-4.51557347264783 1.31904145681606 -0.465920814616603
-4.44345666894927 0.698812970270006 0.687522276219722
-4.61920592836501 0.504732142032632 2.15513288072748
-3.61639300234203 0.508292930421884 3.29425575447226
-2.05850042402968 1.05688148503389 3.77048744264794
-0.373146185292132 1.43544050004472 3.68900087388421
0.969440286605391 1.23795716421144 3.17138270093731
1.98456995751921 0.430151689306741 2.29956002887721
2.60754694871843 -0.218568536400386 1.28056321434957
2.61898601206053 -1.67791920288163 0.721006210630572
2.03711105675521 -3.04440663182062 0.296441575386183
1.17702858750407 -3.97453672889656 -0.373823903650359
0.349714816229516 -4.61285301935902 -1.10110121741167
-0.566979860111963 -5.05086237616516 -1.87725585563905
-1.48889341596345 -4.85413303731587 -2.47501250088456
-2.61605946150461 -4.48128980474738 -2.97133988600755
-3.88413280635372 -3.78544913400869 -3.19389012971692
-4.80081625049084 -2.75095343796627 -3.27438831943926
-5.7893645693069 -2.20095636627127 -2.43604995515248
-6.56971536956588 -1.70907659550822 -1.33926545217574
-7.32014225622863 -0.982306958017498 -0.396002798537965
