-6.77797388316184 -0.471180019657643 0.491911577374936
-7.5513948006868 0.364120948056916 1.40281508528442
-8.2286018994386 1.74436193475156 2.19958707742587
-7.48973958870602 3.5655104220637 2.20354109862068
-5.89524871551246 3.4112065836186 2.18457974488677
-4.7572244254376 3.49994648292241 2.22741402755475
-3.66158891602692 3.46985655168606 2.84453203655694
-2.07957429107912 3.26369060765138 2.50524114137072
-0.850700488332862 2.90775264078612 1.86792188642989
0.11393612511576 2.99257184367207 1.19247703142605
1.01943871041269 3.46676839027305 0.426714199760795
1.19137900759813 4.23310074635994 -0.390049911976514
0.476140461209408 5.35665990128667 -1.2217673051118
-0.703866205492806 6.14063599867134 -0.910591851658908
-1.50864570432952 7.02453985166598 -0.640400115382316
-1.84794584265987 7.75242448595595 -0.358994373357003
-2.60298693034618 8.76413567782456 0.823094718129522
-2.46834117222452 9.59380374018595 0.419005645536364
-2.85149094191932 10.6920423725552 -0.0265873159843376
-3.26603397949023 11.6267576186942 0.506341645595036
-3.15984598815481 13.0495594214968 0.595458306280968
-2.106031234973 14.0413250103862 1.10971803125406
-0.796372773617996 14.2366287195164 1.47065467938974
-0.142840571134228 13.940221352015 2.44690425840174
1.17185558160104 13.8480066440371 2.39278290678875
1.75833583592387 14.2146119014056 1.9350535180379
2.25295029128128 14.1544271210995 0.597677841586943
1.54652221860257 13.9793596121089 -0.697384635108366
1.44401857259519 13.0681579479152 -1.41627038070797
0.685061998361017 12.3163256250879 -2.02518888116544
0.41810551427715 12.0313444971176 -2.6272554206542
-0.816996685366711 11.7739300453937 -1.207019910724
-1.06916904414134 12.6565579146533 0.24907974406931
-0.965319676355938 11.7907016196678 1.37217506348226
-1.68537389295679 11.0852351805327 2.28587674877504
-2.58607944386152 10.521226578844 2.66684172619051
-3.79985351138666 10.0791120205302 2.57010202503912
-4.8323439724647 9.72424834235446 1.84148959383575
-5.10835153059222 9.38881180643098 0.599895194019372
-4.73846843028123 8.75668310625859 -1.01340313676137
-3.44282236236978 8.4484663371988 -2.29381274286559
-1.80860342421799 8.95777772553288 -2.80354947184965
-0.246313427789409 9.0828163451266 -3.56484190710307
0.774045941715714 8.03629700838153 -4.51700037030746
1.34618381948417 7.51336988845176 -3.93474073909462
1.34986270921628 7.47262498559623 -2.66123306915037
1.74062103450272 7.6146574441717 -1.06201092988153
2.05546323305379 7.53567028448942 0.225086872534657
1.99325187200167 7.42229837811347 1.37631279763482
1.60460133311807 6.91504777379654 2.32971143265061
0.658301511586824 6.35865546613522 2.57307555133476
0.0887113071359151 5.73207761540905 1.58621848810219
-0.578002696953023 5.03667928564265 0.696421330825847
-0.980313017192193 4.24347630063944 -0.517283532392422
-1.42138841640313 4.22976036132017 -1.65299927316773
-1.70381789007312 3.61720484150835 -2.73548610548968
-1.86330627948588 2.59718646685548 -3.64970469444263
-2.63340592448472 1.49356450313087 -4.03854387892768
-2.52224830045612 0.618595428515707 -3.19869657633853
-2.28834983839355 -0.179864982173251 -2.35471378237581
-1.85257187171492 -0.77327129522909 -1.39546089383877
-1.89772839711525 -1.72021251360313 -0.236279560627007
-2.75922635044788 -2.72722586425042 0.228519523201997
-3.58576626306219 -3.74716399990827 1.10732854052153
-4.78424632467326 -4.33506871921253 1.25174712706044
-5.91973576268571 -4.57251949400155 1.6217912984017
-7.22562598477029 -4.81985922788538 1.55220572536299
-8.75950653492128 -5.03402184814008 1.73251885532328
-9.4592160749083 -4.5660240387323 0.927366923550573
-9.85311459435306 -3.88461156162848 -0.0106931041431506
-9.81197027060861 -3.06669877598096 -0.817304865930724
-9.77617527838687 -2.03585831413746 -1.64288734100749
-9.91657300666812 -1.0598700284831 -2.33687384434244
-10.206869733003 0.081263311782441 -2.85430818272861
-10.0385107997937 1.19994022198546 -3.27408276195908
-9.03907287693827 2.09603932027081 -3.76440367807618
-7.76386703091898 1.77291782042212 -3.2777638774911
-7.09686474885908 1.50376516015518 -2.46064918185343
-6.11708825787434 1.48684111762563 -1.11865092383024
-5.00858958972162 1.2650199214976 0.0161242582346725
-4.13002644159281 0.905476913948412 1.47616910963901
-2.86958467077333 1.02489830181135 2.46757909287253
-2.07517121940332 0.69616575502212 3.28309752123943
-1.11509719342439 0.359383110359327 3.83274052688773
-0.401253189401284 -0.438237963918462 4.03718013493967
0.608300734176134 -0.600470149188096 3.6824996939193
1.61636298178996 -0.920759117252564 3.05328828722137
2.34659485593336 -1.56321321115001 2.35421409713493
2.52620902512645 -2.25882951438373 1.24644419351232
2.73499503107547 -3.19968230503806 -0.0251483353458048
1.93661023384475 -3.79520068456401 -1.0056885191969
1.36576178626894 -4.53213223010594 -2.02099969815893
0.286899570393789 -5.03427098159173 -2.87002787265217
-0.982271715645292 -4.89694231460848 -3.52190091039786
-2.36130762830334 -4.80485982362802 -3.87964324669528
-3.65322144297165 -4.52658705916029 -3.72866844071992
-4.50490244993022 -3.48313087793857 -3.14554264803738
-5.19781296045951 -2.57963473411328 -2.68348896072037
-5.82309273450289 -1.5784209422052 -1.75462183443031
-6.39936225726101 -1.05630311030566 -0.490578869121961
