-6.80527698848182 -3.0401108066087 1.62060966746383
-6.03721450117934 -3.3546239749972 2.91534820482164
-5.61653580888341 -2.78297044176456 4.61193846091996
-4.57504504988562 -2.13010059889277 5.05036793698172
-3.91941544636785 -1.1652466568711 5.14644775754051
-3.82248518268541 -0.0791442153022485 4.71596041722403
-3.37696484592593 1.36658042261454 5.36795655716735
-3.30744195516206 2.28182403447348 5.27226075789588
-2.91539560127387 3.07939000961862 4.04386859549091
-2.47899905511268 3.86354251846785 2.99522184249529
-1.2962003626908 3.95742628518786 1.96902296477149
-0.929042947302099 4.71540159806404 1.03377605747383
-0.579544310424271 5.37513236363342 0.473562695120759
-0.8994370342259 6.34302401511502 -0.6130101431179
-1.06422155395104 7.40919251528816 -1.33034057650398
-1.12056317067278 9.17174778299495 -1.61997332943678
-0.345728357829518 10.8614514656874 -2.13295969412339
0.0625757182673003 11.6388966368802 -1.72304235601851
-0.731501234996301 12.6451818842856 -1.13427448497249
-0.887190623187406 13.8098587423409 -1.31515425682537
-1.84202499729696 14.3219492281988 -1.73811994586696
-1.87802639920925 15.165284397204 -1.48965967418009
-1.42083976349017 16.3628968277619 -1.45739531402568
-0.0430556039111436 16.4110761560916 -0.879832763416017
0.394764296633471 16.6721767592745 -0.128891461055419
1.78048018404976 16.8086624487871 0.146085135242187
2.70019925674735 16.9715098045533 1.07269939256789
2.93816267918244 16.3499810730882 1.3378094580139
2.18697065795434 15.5529418108736 2.39387889541872
0.837057505510199 14.3451910807539 2.64935173206067
-0.0125568712469685 13.318190884164 3.57578060543306
-0.904442150291319 12.7807033988354 2.75957061030866
-2.20016200472603 12.5749502945158 3.16354334003489
-2.39584024135055 11.6962251097092 1.75414594163536
-2.78628769094303 12.0034956879229 0.411102785263193
-3.23450479583417 11.953696571746 -1.11492805098832
-3.26979525665412 11.9233189809289 -2.55835844635235
-3.09381321930842 12.3151102685992 -3.67771701902458
-2.43762702626586 12.1638539000342 -4.79461387198989
-1.63590480606545 11.4699776538191 -5.31525500094252
-2.52947644098022 10.3039137003967 -5.03512507929002
-2.51350193153376 9.50201945797971 -6.285219868432
-1.48338542149923 9.36354062073345 -7.29705159327642
-0.715720830351788 8.93535933569713 -5.95809348940751
-0.0950646928744078 7.86222042240143 -5.3465767242803
0.447680248312965 7.67648469684293 -4.36743906341064
0.946175190390774 7.01519263790508 -3.79202011557871
1.6742302287079 6.09009178391069 -2.61865087200601
1.95151004704851 6.79857668546819 -1.45512039022942
1.99304334653522 7.17322437937431 -0.539687083593968
1.61644349541859 7.68527653320959 0.525334851435107
0.853857313380096 7.68510100224304 1.24017584085977
-0.503867857454029 7.97174897203276 1.01643395920009
-1.81948879789352 7.31858479834023 0.535989235132027
-2.44137398554961 5.84539785831155 -0.279102194549129
-2.77507486172677 4.22637077473996 -0.954118559794704
-3.03131545840539 2.71042832349636 -0.990947419480122
-2.76485486261019 1.32348189639178 -0.435254637754527
-3.0678753322849 -0.208723350551536 -0.530361644268783
-3.65373444474513 -1.51269641506746 -0.535571167129705
-4.34103655373152 -2.52835854710401 -0.20005316872479
-4.6872146062161 -4.06881552942765 0.280798180137882
-5.12402581735425 -5.4810229926007 1.20291371239557
-6.46235326842855 -5.8952578037534 1.63388508193485
-7.73862532220953 -6.12496407275385 1.82218486654338
-8.78394842313637 -5.98734788326832 1.89116195495379
-9.78114241238286 -5.86237222013108 1.95053668554224
-11.0166454720779 -6.39226835997708 1.76249266375401
-11.6682642821559 -5.68746172865434 0.939541856477646
-11.7713157727021 -5.06600442416305 -0.00233587397472489
-11.1412259472161 -4.42121625336364 -0.524111014393673
-11.1405296764348 -3.63451855253316 -1.49885196960827
-10.9131850787534 -2.92220714555479 -2.57993134593037
-10.1435559077872 -2.32859605689916 -3.07962050018786
-9.57165661509964 -0.889585141416046 -3.04247615917564
-8.67876501094089 -0.559257602523552 -3.3155057744616
-7.45639708392186 0.0520756318992525 -3.11054943634273
-6.71192448835075 0.179833248973677 -2.05973626642599
-6.3215142461402 -0.262729076080419 -1.35558625014045
-5.53320586585196 0.213969876095429 0.0779758643819165
-4.85519908406157 0.0656833217197463 0.994516941669816
-4.15618263824912 -0.323597807504385 1.82830793826075
-3.18415373656184 -1.16743809864899 2.59995554515032
-3.13105524542041 -2.29990612403888 1.94994710473313
-2.00271940734897 -3.27213990836991 1.65055640702302
-1.05678896551786 -3.97343104117626 1.96365578545162
-1.30420459653766 -5.16980980753767 1.5392377022612
-0.624467756934525 -6.19122842948226 1.5006925053843
-0.275698373108448 -6.06135229545358 0.460358084305744
0.313924998138701 -5.91362901629368 -0.704109497324783
0.0272369733060308 -5.69802924091187 -1.61337291752158
-0.498917590773941 -5.51827377812537 -2.35915112471612
-1.76478768336863 -5.35573492564897 -2.83638129872509
-2.20536704778349 -5.34404478688969 -3.0717301856259
-3.47613588127138 -5.26545891658229 -3.59646953550792
-4.32274217373219 -4.83349717932771 -3.1024490171372
-5.56528062966395 -4.91865688508243 -3.03885109673353
-6.11396221952706 -4.04499739244018 -2.30569094429345
-6.32965776104235 -3.45892738110354 -1.30002656947579
-6.86579117850931 -3.56925784469757 0.123157762018159
