-4.71012055795959 -3.91520475325482 2.58741196564772
-3.6752907549128 -4.72497318536859 2.72558298788842
-2.79139701206619 -5.67601571014953 2.96080927276966
-1.56793951634005 -5.28043052881476 2.80371327332906
-0.456505927829693 -4.75491863744044 2.57879299426624
0.547352369870486 -4.3565863680092 2.9612952047009
1.32857664832698 -3.99606240564261 3.34101094402441
2.1281789801969 -3.09106461055851 3.46732430268798
2.37845961825029 -1.85026503331782 3.10308632941676
2.81377483046872 -1.10506482568238 2.44589457307342
2.99965064589763 -0.0560056909504481 1.84491703632526
2.99940271794403 0.991464650447945 1.57810186499277
2.70680675860112 1.99348680147026 0.804356388354962
2.75077459568683 3.16013880941147 -0.182423025571623
1.94675146916941 4.38773968754333 -0.37737197856553
1.63263771221962 5.51821166728025 -0.701006599544729
1.17515922758643 6.29093345672291 -1.14750531260222
0.261292298032822 7.26246781307525 -0.749261109005124
-0.221487034760338 8.17885737735338 -1.01419604438029
-1.06621717189593 8.51650942383145 -1.0332084198631
-1.89965136994417 9.64440405857696 -0.877833057854697
-2.95241640011781 10.2872959478686 -1.14931331236826
-3.07752825285795 11.1744345264382 -0.817505947627969
-3.69388513055094 11.5926907044547 0.508226583538294
-4.34449543015897 12.3263655765936 1.42942763119475
-4.68134029892948 13.1858408652173 1.97367340955211
-5.48041381450119 14.1774107711674 1.69163962594237
-5.21035939661501 15.1695843349998 1.2479643013778
-4.47380270294442 16.2579548143657 0.570224004218278
-4.03423282523389 16.2661729670263 -0.741074023301504
-3.68090679471022 16.3853437090902 -1.76204661047759
-3.13354910229792 15.5264655012425 -2.63518056847874
-3.16488305505776 14.6635727353561 -3.3518425311237
-2.88912170454767 14.3470290207084 -4.53250819736308
-2.40692490892853 14.9437802184032 -5.32116782366594
-1.63732138241793 14.4608584984104 -6.12407281440895
-0.594032145331006 13.6294389875426 -6.08832466456538
0.547528941355998 13.3847848099968 -6.36000566769806
1.62972797713391 13.240371322367 -5.56213007791483
2.43082360716896 13.7359983180286 -4.51620748935677
2.96828206189642 13.298430764263 -3.7513291951558
3.90792121013018 12.9212530905622 -2.7931001673248
3.90748054858091 12.7475155419166 -1.66885775740592
4.17790130999225 12.1248924722554 -0.557959120582008
4.22046738955271 11.96286225211 0.74647891930933
4.71804681536336 11.0499365805681 1.12136073980169
4.51677202115738 9.69376634880287 1.72302838414821
4.68394157796413 9.01136189816509 2.22444483454864
3.8642008128144 8.1892839449787 2.50379441001568
2.66287525437767 7.89049320594127 2.53726043001633
1.49748331021902 7.76610770832454 2.70164104922511
0.435392834804612 7.28314274081003 2.67356198311187
-0.549629261969332 6.56853071607972 2.72889403827544
-1.71819740601575 6.77255358048022 2.68458530116327
-2.87548571671531 6.32066463662088 1.95095162361092
-3.63323846859975 5.33888356705159 1.24601309432553
-4.03948666388521 5.28528643340341 0.19345029913664
-4.95288938299061 5.04781595556838 -0.587058720368445
-5.68109804423244 3.98538128307071 -0.947030485006197
-6.34286245690896 3.032683963341 -1.61019320744148
-6.43247760722078 1.68160753341443 -1.8368319209339
-6.66523717463642 0.344673244362498 -1.81897432074213
-6.8731172275242 -0.933589009065105 -1.44103335310143
-6.94147347443717 -1.91777255081537 -2.14873482058983
-6.15616528051194 -2.86896196129501 -2.074915318121
-5.80899053675511 -4.06790745697033 -1.4195799465768
-6.25693462360381 -5.5050773448348 -0.950683139879755
-6.31568634958942 -5.97919854139368 0.0771943200485878
-6.7561614560455 -6.77729676420091 1.14230627205103
-7.04985299793809 -7.04855822753521 2.45416950118113
-6.8084027862068 -6.53065329709907 3.23130556936982
-7.22984596689273 -6.10964568727369 4.28061411219695
-7.29862843346377 -5.34794935219627 5.07324217551515
-7.8154073438374 -4.31622279965034 5.7753371378828
-7.47807522334512 -3.25519323148734 5.63195544912035
-7.21034826034614 -2.15769484977974 5.34904504988101
-7.03930894576223 -0.691262554582574 5.25460282613535
-6.68733547870497 -0.260895841783751 4.11517313760273
-6.04313487979597 0.279785246521382 3.36900218421647
-5.4513477854834 0.601496201314468 2.2538526563871
-4.50355068806769 0.42784801897232 1.46526352701694
-4.28387511819257 0.598516880222722 0.387855857611599
-3.68162478881866 1.1091762408075 -0.732267272506329
-3.69198909505957 1.41312202426597 -1.98984381457725
-3.50557286476076 1.17102408534447 -3.36390438987797
-4.11101335628373 0.549574832692633 -4.2648528583628
-4.77810000089509 0.0155624964637131 -4.95018966125114
-5.73467920375594 -0.739207009353087 -5.41094491116862
-7.02750527925708 -1.11798468487655 -5.54069689956114
-7.97499490615594 -2.12119984904163 -5.36969547156943
-8.49095987864728 -3.14680147814767 -5.22141496580478
-9.27613841529475 -4.03281277188983 -4.94619753692787
-10.124616784061 -4.42856433423981 -4.33398866274823
-9.88778956620705 -4.14718557754483 -2.88587105962064
-9.70333373962606 -3.67757376639081 -1.89974480022232
-9.4952306688048 -3.57893499896552 -0.537909694358292
-9.06702387207276 -3.42683614997357 0.490023461047773
-7.87368743049966 -3.28250923902796 1.06207467021617
-6.54896498970917 -3.25233906208912 1.48446079702054
-5.60647348431773 -3.53983767924911 1.91616215356968
