-7.5062932246302 -0.275012768089202 0.159583231281235
-7.55406660845959 1.1290355272017 1.17935531522182
-7.41646888186689 2.11838047257183 1.43151236721996
-6.77715527890427 1.9050524018885 3.0395594387076
-6.49340859238716 3.16435664750137 3.80748281891797
-5.34446532515623 4.0669880589047 3.55206971203892
-4.13962923687289 4.2229114862455 3.22401784976747
-2.90922115465286 3.88556339923783 2.95781279902706
-1.62614991652192 3.18951192206159 3.21804229572941
-0.594800352554327 3.2909262986122 2.43150830192883
0.239324807930539 3.15395014590026 1.35712528908464
0.369830828068131 4.08557815518552 0.708579821272828
-0.0607744757102358 5.18826467807648 -0.0363622826303649
-0.812306134774014 6.51407346894206 -0.47927412308711
-0.709692118964456 7.27712124127764 -0.13075619916748
-0.259311614392656 8.47436726821578 0.033074327598643
-1.26838434079631 8.90116348484397 0.526080344729038
-1.63074264890979 9.67525310574406 1.90445868413152
-2.31268480274926 10.9507971002722 1.17922930224004
-3.23631183799555 12.7579537415832 1.09012318443544
-3.34364932595125 14.4330777617616 1.25749126838285
-2.93977454390432 15.2341921057437 2.06247242279372
-1.72634789721376 15.6890968515058 2.42534111703788
-0.442536201794724 15.7630515580105 2.62565827129604
0.794652438230609 15.5951152639577 3.00610047959144
1.45663425782981 15.1632689957827 1.75357375251475
2.37442336024548 14.4276386233022 0.942238755288127
2.67444792278324 13.2640444578881 -0.319191105382227
2.19056696958359 12.6266415806144 -1.45156311124872
1.51810620103146 11.6509408256927 -2.23056597126653
-0.161240876976613 11.8944906298835 -1.51274243700614
-0.426385020179906 13.4052042563074 -0.37672859862722
-0.376802355960107 14.0635471245542 0.506475790802826
-1.3926964084953 13.3787398927498 1.69220995662844
-2.7226853937471 12.5031752848541 2.7802685475919
-4.21595902274129 11.6400002367889 2.64829258465749
-4.61124882799528 10.7614526001776 1.22096480800624
-4.92622049500302 9.82974228949456 0.0503180795670418
-4.87501743822979 8.84817166664058 -1.1940661586879
-3.41708314634381 9.35450095523515 -1.9985309200723
-2.16190113654977 9.59369810294231 -3.21162682543791
-1.56036219772833 8.88840695452425 -4.50902182135276
-0.290219692158906 8.30824130627503 -5.25214656959105
1.1387933579489 8.42176847988742 -5.46946648125104
1.6243351391494 7.66430936532232 -4.81371240990899
2.22801106051676 7.93906032446247 -3.55030085878479
2.33801993133312 8.55825613565664 -2.59690822180043
2.19479987933009 8.55030793459275 -1.48101859450686
1.92180040343713 7.77728224483565 -0.209160427486158
1.29208259401055 6.93635566956011 0.688253536767598
0.108716870591221 6.525048525403 1.6754550515756
-1.22289426597088 5.47013469094582 1.54976868528703
-1.93770467302083 4.53495717102629 0.0521776252351287
-1.66835312194962 3.69314401081841 -1.01918269929476
-1.56921882741128 2.64468473500587 -1.85466064241341
-0.895025184811149 2.29455528932699 -2.99702760492351
-1.79994972582798 1.59864706621136 -3.10773868023308
-2.33581339511671 0.536749622035843 -2.9066599075861
-2.77852352730486 -0.0500649827638897 -2.50567531180473
-3.09147097975308 -1.15320075910128 -2.51650824432047
-3.62014414720378 -1.58557637917762 -1.46100634080479
-3.81416049054247 -1.96940295300664 -0.696289554751445
-3.9437081427898 -2.66963010239284 0.154986245865443
-4.82679570725558 -3.38128738512208 0.693246942185094
-5.79698645682543 -3.86316980096991 0.285814736575753
-6.83419822259044 -4.46396378137867 0.329101859942958
-7.32140316883505 -4.24304631711292 1.22309443040119
-8.16020606945609 -3.67896237069406 1.70755149041116
-9.22341449795133 -3.70432794267077 1.38486219374944
-10.2021896708406 -3.59732214038118 0.761058250388144
-10.8432282590004 -3.22072430333423 -0.172481576733468
-10.9932743356145 -2.72155189287476 -1.35372877920565
-10.6218984687642 -2.3531448738269 -2.50368071789672
-10.204277304957 -1.56007601557709 -3.45998538325424
-9.63067459814122 -0.55005324079374 -3.99894750321786
-8.98217976370274 0.520427318507568 -3.13443509061723
-8.3981934092932 1.26386758934518 -1.87859678238727
-7.42116993486143 1.72323299972864 -1.40764815181733
-6.16945400322566 1.70139413977786 -1.10275265932223
-4.84087355681033 1.12459895874993 -0.438904456806655
-3.88517831405363 0.791444457352811 0.406485572339566
-2.80739318454615 0.162785470727855 0.793187805099658
-2.10029909784326 -0.241127210999989 1.89896151939726
-1.25455842247861 -0.806605605659926 2.83542943130163
-0.267808126576381 -1.60950919952379 3.56472419173006
0.592645137285832 -2.53490600915866 3.86402286502125
1.51306160843821 -2.90888577938252 3.16101879025109
1.63270159379415 -3.33287298251673 1.9863028381068
1.27872562509866 -3.42059946123632 0.873313935180781
0.907349507418358 -3.55760002622064 -0.0505110591588362
1.09859380315241 -2.96321967492305 -1.01868693549571
1.11087427333317 -2.73834872842216 -2.16106091011252
0.224692445586179 -3.1043129488215 -2.90423287664309
-0.237745716849997 -4.20375792219856 -3.02359866614861
-1.4130602794232 -4.14159489457888 -2.3793998047812
-2.36721237657116 -3.99365351270789 -2.41080410398895
-3.6711794948892 -4.04293361841954 -2.24394518306332
-4.96689345996085 -3.63056798578222 -2.17553778719594
-5.84958451315312 -2.61233648752578 -1.16486792729236
-6.74741404620198 -1.34166246960773 -0.100948250997155
