-6.1070845134123 -3.59317825084622 2.78937378863546
-6.2364860371162 -3.53419893889692 3.34263557893112
-5.42469925404237 -3.82936532786868 4.24803408594858
-4.5994843217215 -3.09564400384825 5.03897337566993
-4.12933694097586 -1.96208147520468 5.71969425550819
-3.23523810867826 -1.21785105359134 5.45599395711656
-3.15000747892315 -0.0541698928388596 4.20124278575152
-2.795971462228 1.27686900966769 3.93498455761581
-1.51336074625103 1.81103484265318 3.45262191195673
-0.906487595694186 2.86589301726592 2.94376950391558
-0.728306656299279 3.78809268387219 1.87318955050991
-0.578620148959956 4.70600973800723 0.58861732747543
-0.803838793578305 5.66313097245458 -0.483206166859287
-1.35097052136149 7.10941977554736 -1.22393760483725
-1.40757479293224 8.36355706866817 -2.45969456610027
-0.851479413679614 8.89579286555735 -3.05730060291374
0.469864402554732 9.95550850338479 -3.20083572241117
0.945054667124002 10.884259887666 -2.94032693488574
0.917766799501628 12.4195074315957 -2.08642461580495
0.200488671420248 13.7592543046279 -2.08411487346115
-0.349239429636924 14.7660458661274 -2.65029245772503
-1.24238592132267 16.342263795843 -2.85613093763322
-0.338123593823787 17.2151621125354 -2.87647518503556
-0.184275137989991 17.5956782220264 -1.73734876323648
0.663763189519908 17.848048486602 -0.860985547584305
1.63253113245031 17.1307243059229 0.0045979828107257
1.89642852071103 16.9775531754142 1.34125038389554
1.67438639558979 16.6058033059743 2.16049817792245
0.794181417252613 16.3370750114585 3.40251626261525
0.959947880482264 15.0542899137409 4.4645820797803
0.14523607573472 14.0471847809552 3.80304359139926
-1.00335877203505 12.6308557073795 3.94080911775047
-1.4010039338235 11.8203252231605 2.11900033197283
-2.67799827878549 12.1009409798469 1.71032567562735
-3.61314689135357 12.738647829975 0.614691084332089
-4.31464536750002 12.7630468563988 -0.81950077618008
-4.43046636551532 12.9580288620337 -1.89479147547282
-3.58088346097731 12.6226173732259 -2.95508503267412
-3.28899477579868 13.0133098321576 -4.24198750880034
-3.1015911942495 12.175314186696 -5.24062396751745
-2.16519910330285 11.4160941764168 -6.59688385473586
-1.40004157962871 10.003368659915 -6.93654681177876
-1.43027751053177 8.96685006428146 -6.27605507876251
-0.627706432927459 7.45174754503489 -6.35391074888983
0.0998922956631607 7.00012963740878 -5.59598590523517
1.21218320201517 6.21315863333518 -5.06944993952706
1.18009373432695 5.71692356059696 -3.84612871702061
1.8584412401748 6.2865027138527 -2.241082721833
1.84317965195309 7.14768209957632 -1.33089360139316
1.70608437133394 7.65558736023221 -0.255599051037769
0.746321084886477 8.35558558201177 -0.0297217124656215
-0.157847412699913 8.50367332290381 0.335574806635205
-1.3316667041662 7.69513154636521 1.02017947856614
-2.16027383768125 6.61274039807389 1.51928158760221
-2.70685198875139 5.55780761322904 1.41852325880449
-3.12954201980012 4.6242902397756 0.937320238052157
-3.46088245355542 3.19792377574121 0.118101273552986
-3.50216644669893 1.86175393491465 -0.430671539210753
-3.55387573424689 0.495568350952711 -0.638782863408893
-3.02388070662576 -0.829492403853586 -0.46760683077527
-3.27997262718603 -2.41939658152706 -0.631415990849913
-4.05521771281314 -3.63324210700839 -0.445939085000295
-4.57291977349218 -5.11787639983741 0.304585792978336
-5.78972797291759 -6.41810124783062 0.660856131388038
-6.82496397060449 -6.87270051529995 1.3988891925936
-7.83599210662352 -7.53717384519393 2.0294802818315
-9.12450312986093 -6.96511332250916 2.08418542355532
-10.0767423235908 -6.10755070784639 1.76512532595494
-10.7317442556784 -5.13478792181125 0.839004165454705
-11.3881075593955 -4.81232233424941 -0.222972525784276
-11.4155018544563 -4.7750168689595 -1.36537264423887
-11.7046704292985 -4.08757266232055 -2.34786357462169
-11.0534697386335 -3.35015401792885 -2.73064603256791
-10.1088004943101 -2.08850479699368 -3.31840216575676
-10.192928732907 -0.831199227089693 -3.17625646807257
-9.35446058250758 -0.566521469593944 -2.80363627618825
-8.83685576589283 0.60262054853369 -2.22718215454376
-7.84675337228091 0.859667891577449 -1.40735894768372
-6.93923178655395 0.982573952567425 -0.117923300938635
-6.40451356022586 0.249084033311834 0.915066870856102
-5.81418842213558 -0.298145698438856 1.61488656315664
-4.9694932737573 -1.22853942809633 2.01232692313979
-3.69522847988634 -1.37095917531816 2.42792789420053
-2.77703132988029 -1.95660566403542 3.18625552548965
-1.77213277413077 -2.73391910017909 3.5145221704564
-1.15856676933317 -3.9521179136595 3.1841808615434
-0.840842659593125 -5.08178006070326 2.30562716212411
-0.991363802560888 -5.67604339874735 1.74760344376781
-1.21518238458189 -6.07053842832792 0.503244075026304
-1.20526905087774 -7.17106412665447 -0.792860542362155
-0.778827521628998 -7.15260844248461 -2.2011655562445
-0.860129676024969 -7.05875106402109 -3.40212224486316
-1.53326493198581 -6.40655184676096 -4.41886875498171
-3.0197571487834 -6.39684749198858 -4.34058887825151
-4.26507543286259 -6.25544249733536 -4.02540503133845
-5.53407487586591 -6.28844609583538 -3.32521288226394
-6.28422516117855 -5.35372089455641 -2.3580341076311
-6.64091421755341 -4.56320257996861 -1.44366445832205
-6.87401505736565 -3.71259264730391 0.010382627625636
-6.41853609960901 -3.30795135846731 1.07680251258481
